487.342	-1.66466	-0.547024	-0.567724	
487.305	-1.65702	-0.57014	-0.567705	
487.268	-1.64912	-0.592969	-0.567625	
487.231	-1.64097	-0.615712	-0.567428	
487.195	-1.63258	-0.638452	-0.566991	
487.158	-1.62392	-0.661159	-0.566101	
487.122	-1.61462	-0.683804	-0.56482	
487.086	-1.60483	-0.706374	-0.563362	
487.051	-1.59471	-0.728904	-0.561731	
487.015	-1.58441	-0.751401	-0.559821	
486.98	-1.57416	-0.773838	-0.557766	
486.945	-1.56374	-0.796123	-0.556022	
486.91	-1.55269	-0.818187	-0.554814	
486.875	-1.54076	-0.840011	-0.553986	
486.841	-1.52775	-0.861466	-0.553299	
486.807	-1.51346	-0.882437	-0.552692	
486.774	-1.49774	-0.903163	-0.552259	
486.741	-1.48067	-0.924022	-0.552013	
486.708	-1.46254	-0.944917	-0.551818	
486.675	-1.44367	-0.965589	-0.551645	
486.644	-1.42439	-0.985937	-0.551528	
486.612	-1.40503	-1.00608	-0.55152	
486.581	-1.38581	-1.02616	-0.551764	
486.55	-1.36655	-1.04609	-0.55219	
486.52	-1.34708	-1.06559	-0.552345	
486.49	-1.3273	-1.08452	-0.552081	
486.461	-1.30714	-1.10299	-0.551647	
486.432	-1.28661	-1.12112	-0.551251	
486.404	-1.26569	-1.13903	-0.550932	
486.376	-1.24443	-1.15687	-0.550706	
486.349	-1.22368	-1.17486	-0.550591	
486.322	-1.20359	-1.19285	-0.550675	
486.295	-1.18408	-1.21058	-0.551025	
486.269	-1.16498	-1.22792	-0.551516	
486.243	-1.14599	-1.24492	-0.551987	
486.218	-1.12691	-1.26168	-0.552476	
486.193	-1.10768	-1.27819	-0.55309	
486.169	-1.08837	-1.29428	-0.553932	
486.145	-1.06888	-1.30973	-0.555179	
486.121	-1.04917	-1.32459	-0.55688	
486.098	-1.02925	-1.33896	-0.558792	
486.076	-1.00923	-1.35286	-0.560587	
486.054	-0.989127	-1.36633	-0.562131	
486.032	-0.968931	-1.37938	-0.563425	
486.011	-0.94855	-1.39203	-0.564469	
485.99	-0.927986	-1.40433	-0.565342	
485.97	-0.907379	-1.41624	-0.56623	
485.95	-0.886981	-1.42773	-0.567138	
485.93	-0.866891	-1.43889	-0.567895	
485.911	-0.847034	-1.44984	-0.568453	
485.893	-0.827344	-1.46063	-0.568868	
485.875	-0.807732	-1.47126	-0.569143	
485.857	-0.788105	-1.48178	-0.569234	
485.84	-0.768387	-1.49219	-0.569108	
485.823	-0.748586	-1.50247	-0.568693	
485.807	-0.728706	-1.51247	-0.567963	
485.791	-0.70864	-1.52204	-0.566998	
485.775	-0.688445	-1.53109	-0.565894	
485.76	-0.668234	-1.53971	-0.564619	
485.746	-0.648148	-1.54801	-0.563114	
485.732	-0.62827	-1.5561	-0.561407	
485.718	-0.608546	-1.56413	-0.559696	
485.705	-0.588801	-1.57222	-0.558257	
485.692	-0.568838	-1.58037	-0.557223	
485.68	-0.548604	-1.58851	-0.556467	
485.668	-0.528139	-1.59655	-0.555759	
485.657	-0.507521	-1.60448	-0.555004	
485.646	-0.486794	-1.61224	-0.554284	
485.635	-0.465977	-1.61964	-0.553685	
485.625	-0.445106	-1.62651	-0.553112	
485.616	-0.424317	-1.63281	-0.552368	
485.607	-0.403786	-1.63869	-0.55137	
485.598	-0.383691	-1.64432	-0.550204	
485.59	-0.364144	-1.64982	-0.54899	
485.582	-0.345071	-1.65525	-0.547777	
485.575	-0.326305	-1.66069	-0.546658	
485.568	-0.307662	-1.66616	-0.545803	
485.562	-0.289017	-1.67157	-0.54531	
485.556	-0.270222	-1.67674	-0.545083	
485.55	-0.251174	-1.6815	-0.544915	
485.545	-0.231862	-1.68578	-0.54473	
485.54	-0.212391	-1.68958	-0.544694	
485.536	-0.192784	-1.69286	-0.544986	
485.532	-0.172985	-1.69551	-0.545575	
485.528	-0.152904	-1.6975	-0.546329	
485.525	-0.132535	-1.6989	-0.547234	
485.523	-0.111831	-1.69985	-0.548389	
485.521	-0.0906255	-1.7005	-0.549835	
485.519	-0.0687414	-1.70092	-0.551452	
485.518	-0.0461971	-1.7011	-0.553091	
485.518	-0.0231552	-1.70103	-0.554651	
485.518	0.000282948	-1.7008	-0.556124	
485.518	0.0240772	-1.70043	-0.557592	
485.519	0.0481516	-1.69987	-0.55913	
485.521	0.0723172	-1.699	-0.56066	
485.523	0.0963953	-1.69764	-0.562025	
485.526	0.120273	-1.69562	-0.563191	
485.529	0.143787	-1.69297	-0.564264	
485.533	0.166867	-1.68992	-0.565212	
485.537	0.189533	-1.68679	-0.565806	
485.542	0.211818	-1.68374	-0.565966	
485.547	0.233644	-1.68062	-0.56592	
485.553	0.254994	-1.67718	-0.565889	
485.559	0.275931	-1.67325	-0.565783	
485.566	0.296527	-1.66894	-0.565374	
485.573	0.316951	-1.66438	-0.564621	
485.58	0.337442	-1.65959	-0.563633	
485.588	0.35808	-1.65448	-0.562546	
485.597	0.378737	-1.64896	-0.561493	
485.606	0.39925	-1.64291	-0.560475	
485.615	0.419628	-1.63629	-0.559181	
485.625	0.440023	-1.62927	-0.557389	
485.635	0.460574	-1.62208	-0.555344	
485.646	0.481349	-1.6148	-0.553494	
485.657	0.5023	-1.60735	-0.551998	
485.669	0.523431	-1.59969	-0.550736	
485.681	0.544814	-1.59177	-0.549586	
485.694	0.566459	-1.58364	-0.548497	
485.707	0.58827	-1.57555	-0.547453	
485.721	0.610188	-1.56767	-0.546494	
485.735	0.632227	-1.55985	-0.545683	
485.75	0.654353	-1.55184	-0.545027	
485.765	0.67646	-1.54347	-0.54449	
485.781	0.698542	-1.53468	-0.544001	
485.797	0.720664	-1.52546	-0.543521	
485.813	0.742818	-1.51595	-0.543158	
485.83	0.764862	-1.50645	-0.54302	
485.848	0.786756	-1.49689	-0.543123	
485.866	0.8086	-1.48698	-0.543486	
485.885	0.830422	-1.47652	-0.544101	
485.904	0.852198	-1.46548	-0.544804	
485.924	0.873838	-1.45387	-0.545498	
485.944	0.895214	-1.44158	-0.546392	
485.964	0.916195	-1.4287	-0.547649	
485.985	0.936707	-1.41561	-0.548994	
486.007	0.956666	-1.40257	-0.550107	
486.028	0.976169	-1.38936	-0.551174	
486.051	0.995556	-1.37564	-0.55249	
486.073	1.01483	-1.36148	-0.55385	
486.097	1.03396	-1.34697	-0.554886	
486.12	1.05294	-1.33207	-0.555546	
486.144	1.0717	-1.31675	-0.556036	
486.169	1.0902	-1.30114	-0.556492	
486.194	1.10847	-1.28538	-0.556915	
486.219	1.12662	-1.26956	-0.557221	
486.244	1.14483	-1.25367	-0.55742	
486.27	1.16295	-1.23765	-0.557906	
486.297	1.18084	-1.22143	-0.558955	
486.324	1.19862	-1.20498	-0.560282	
486.351	1.2165	-1.18823	-0.561546	
486.379	1.23471	-1.17105	-0.562717	
486.407	1.25338	-1.15342	-0.563639	
486.435	1.27234	-1.13573	-0.563981	
486.464	1.29097	-1.11837	-0.563871	
486.494	1.30949	-1.10119	-0.563556	
486.523	1.32797	-1.08384	-0.56296	
486.554	1.34637	-1.06604	-0.561962	
486.584	1.36453	-1.04783	-0.560624	
486.615	1.38238	-1.02954	-0.559123	
486.646	1.39977	-1.01116	-0.557792	
486.678	1.41662	-0.992302	-0.556918	
486.71	1.43305	-0.972956	-0.556323	
486.743	1.44937	-0.95325	-0.555651	
486.776	1.46599	-0.933068	-0.554925	
486.809	1.48337	-0.912158	-0.554453	
486.842	1.5015	-0.890582	-0.554363	
486.877	1.51947	-0.868697	-0.554544	
486.911	1.53683	-0.846598	-0.554869	
486.946	1.5533	-0.824346	-0.555047	
486.981	1.56857	-0.802172	-0.554786	
487.016	1.58227	-0.780221	-0.554196	
487.052	1.59446	-0.758461	-0.553744	
487.088	1.60578	-0.736777	-0.553419	
487.124	1.61654	-0.714939	-0.553006	
487.161	1.62687	-0.692709	-0.552709	
487.198	1.63673	-0.670015	-0.552824	
487.234	1.64611	-0.646996	-0.553381	
487.271	1.65502	-0.623887	-0.554164	
487.309	1.66351	-0.600574	-0.554949	
487.346	1.67156	-0.576953	-0.555753	
487.384	1.67904	-0.553104	-0.556648	
487.422	1.68583	-0.529189	-0.557398	
487.46	1.69141	-0.505436	-0.557976	
487.498	1.69568	-0.481674	-0.558721	
487.536	1.69909	-0.457449	-0.559565	
487.574	1.70208	-0.432967	-0.560388	
487.612	1.70506	-0.40875	-0.561183	
487.65	1.70838	-0.384583	-0.561761	
487.689	1.71187	-0.360167	-0.562211	
487.727	1.7153	-0.335771	-0.562774	
487.766	1.71843	-0.311591	-0.563373	
487.804	1.72101	-0.287514	-0.564005	
487.843	1.72297	-0.263321	-0.564899	
487.881	1.72506	-0.239084	-0.566115	
487.92	1.72733	-0.214931	-0.567552	
487.959	1.72993	-0.190729	-0.569021	
487.998	1.73308	-0.166399	-0.570198	
488.037	1.73715	-0.142063	-0.570877	
488.076	1.74128	-0.117816	-0.571136	
488.115	1.74547	-0.093808	-0.570949	
488.154	1.74965	-0.070274	-0.570409	
488.193	1.75373	-0.0472479	-0.569844	
488.233	1.75751	-0.0244429	-0.56929	
488.272	1.76031	-0.00133934	-0.568451	
488.312	1.76189	0.0222786	-0.567456	
488.351	1.76229	0.0463754	-0.566593	
488.391	1.76158	0.0707617	-0.565893	
488.43	1.7599	0.0951926	-0.565217	
488.469	1.75746	0.119535	-0.564586	
488.509	1.75406	0.143795	-0.564062	
488.548	1.74968	0.168114	-0.563595	
488.587	1.7444	0.192526	-0.563256	
488.626	1.73848	0.216779	-0.563212	
488.665	1.73293	0.240847	-0.563323	
488.704	1.72795	0.265164	-0.56329	
488.742	1.72346	0.289802	-0.563177	
488.781	1.71942	0.31448	-0.563273	
488.819	1.71595	0.338977	-0.563507	
488.858	1.71221	0.363232	-0.56341	
488.896	1.70719	0.387399	-0.563021	
488.934	1.7009	0.411548	-0.562719	
488.972	1.69338	0.43552	-0.562466	
489.01	1.68473	0.459297	-0.562061	
489.047	1.67539	0.483088	-0.561781	
489.085	1.66625	0.506936	-0.562047	
489.122	1.65732	0.530755	-0.562802	
489.159	1.64844	0.5544	-0.563894	
489.195	1.63963	0.577695	-0.565264	
489.232	1.63095	0.600764	-0.566821	
489.268	1.6229	0.623979	-0.568303	
489.304	1.61543	0.64713	-0.569377	
489.341	1.60837	0.669931	-0.569904	
489.376	1.60148	0.692527	-0.570016	
489.412	1.59454	0.715147	-0.569926	
489.448	1.58716	0.73772	-0.569642	
489.483	1.57903	0.760007	-0.56916	
489.518	1.57042	0.781832	-0.568729	
489.553	1.5617	0.80325	-0.568537	
489.588	1.55317	0.824469	-0.568469	
489.623	1.54493	0.845465	-0.568336	
489.657	1.53572	0.866046	-0.568197	
489.691	1.52497	0.88631	-0.568207	
489.725	1.51286	0.906281	-0.568324	
489.759	1.4996	0.925967	-0.568314	
489.792	1.48515	0.945561	-0.567953	
489.825	1.46921	0.96507	-0.567216	
489.858	1.45237	0.984267	-0.566349	
489.89	1.435	1.00345	-0.565522	
489.921	1.41718	1.02292	-0.564726	
489.953	1.39894	1.0425	-0.563943	
489.984	1.38019	1.06181	-0.563256	
490.014	1.36076	1.08067	-0.562783	
490.044	1.34091	1.09907	-0.56254	
490.074	1.32111	1.11715	-0.562513	
490.103	1.30147	1.1351	-0.562755	
490.132	1.28207	1.15305	-0.563149	
490.16	1.263	1.17098	-0.563577	
490.188	1.24436	1.18881	-0.564188	
490.215	1.22627	1.20646	-0.564959	
490.242	1.20849	1.22391	-0.565342	
490.269	1.19075	1.24108	-0.565158	
490.295	1.17286	1.25801	-0.564776	
490.321	1.15474	1.27477	-0.564397	
490.347	1.13636	1.2912	-0.563921	
490.372	1.11773	1.30726	-0.563401	
490.396	1.09875	1.32329	-0.563095	
490.421	1.07929	1.33956	-0.563166	
490.444	1.06018	1.35579	-0.563568	
490.468	1.04138	1.37155	-0.564012	
490.491	1.0228	1.38673	-0.564135	
490.513	1.00425	1.40136	-0.56401	
490.535	0.985589	1.4155	-0.564034	
490.557	0.966678	1.42925	-0.56427	
490.578	0.947354	1.44287	-0.5645	
490.599	0.927437	1.4565	-0.564833	
490.619	0.90691	1.46979	-0.565439	
490.639	0.885964	1.48222	-0.565979	
490.658	0.864607	1.49391	-0.566231	
490.677	0.8428	1.50531	-0.566334	
490.696	0.820549	1.51651	-0.566412	
490.714	0.797901	1.5273	-0.566351	
490.731	0.774888	1.53756	-0.566029	
490.748	0.751429	1.54751	-0.565587	
490.764	0.727464	1.55736	-0.565276	
490.78	0.703086	1.567	-0.565104	
490.795	0.678398	1.57606	-0.564903	
490.81	0.653485	1.58452	-0.56466	
490.824	0.62861	1.59271	-0.56447	
490.837	0.604124	1.60057	-0.56429	
490.85	0.580149	1.6079	-0.564077	
490.863	0.556652	1.61484	-0.563916	
490.875	0.533615	1.62169	-0.563945	
490.886	0.51105	1.62851	-0.564172	
490.897	0.488889	1.63507	-0.564455	
490.908	0.467004	1.64114	-0.564694	
490.918	0.445301	1.64666	-0.564953	
490.927	0.423725	1.65184	-0.565334	
490.936	0.402348	1.65697	-0.565767	
490.945	0.38124	1.66203	-0.566085	
490.953	0.360385	1.66667	-0.566205	
490.96	0.33963	1.67075	-0.566134	
490.968	0.318874	1.67456	-0.565895	
490.974	0.298044	1.67847	-0.565527	
490.98	0.277122	1.68242	-0.56515	
490.986	0.256102	1.6861	-0.564876	
490.991	0.234885	1.68948	-0.564692	
490.996	0.213446	1.69274	-0.564481	
491.001	0.191911	1.69589	-0.564148	
491.004	0.170462	1.69868	-0.563698	
491.008	0.14911	1.7011	-0.563278	
491.011	0.127707	1.70354	-0.56299	
491.013	0.106219	1.70631	-0.562735	
491.015	0.0847172	1.70916	-0.562396	
491.016	0.0632729	1.71144	-0.562093	
491.017	0.0418843	1.71279	-0.562094	
491.018	0.020521	1.71348	-0.562415	
491.018	-0.000815278	1.71392	-0.562814	
491.017	-0.0221003	1.71427	-0.563146	
491.016	-0.0434215	1.71453	-0.563458	
491.015	-0.0649612	1.71481	-0.563781	
491.013	-0.0868119	1.71509	-0.564059	
491.01	-0.108889	1.71508	-0.564324	
491.007	-0.131048	1.71446	-0.564714	
491.004	-0.153209	1.71314	-0.56518	
491	-0.175364	1.71115	-0.565468	
490.996	-0.197512	1.70846	-0.565428	
490.991	-0.219493	1.70524	-0.565135	
490.985	-0.241204	1.70164	-0.564666	
490.979	-0.262664	1.69755	-0.564043	
490.973	-0.283994	1.69284	-0.563471	
490.966	-0.305272	1.68768	-0.563333	
490.959	-0.326554	1.68233	-0.563802	
490.951	-0.347921	1.67677	-0.564578	
490.943	-0.36948	1.67091	-0.565253	
490.934	-0.391178	1.66473	-0.565802	
490.925	-0.412966	1.65815	-0.566446	
490.915	-0.434935	1.65099	-0.567224	
490.905	-0.457142	1.6433	-0.567963	
490.894	-0.479518	1.6353	-0.568541	
490.883	-0.501897	1.6271	-0.568935	
490.871	-0.524054	1.61863	-0.569185	
490.859	-0.545801	1.60981	-0.56941	
490.846	-0.567195	1.60059	-0.569659	
490.833	-0.588309	1.59111	-0.569716	
490.819	-0.609001	1.58177	-0.569287	
490.805	-0.629099	1.57285	-0.568376	
490.791	-0.648825	1.56414	-0.567257	
490.776	-0.668889	1.55519	-0.566173	
490.76	-0.689667	1.54587	-0.565136	
490.744	-0.711223	1.53623	-0.564091	
490.728	-0.733294	1.52638	-0.563024	
490.711	-0.755502	1.51627	-0.561927	
490.693	-0.777693	1.50561	-0.560728	
490.676	-0.799786	1.4942	-0.559367	
490.657	-0.821624	1.48246	-0.557892	
490.638	-0.843096	1.4711	-0.556428	
490.619	-0.86428	1.46019	-0.555079	
490.599	-0.885335	1.44913	-0.553813	
490.579	-0.906387	1.43744	-0.552527	
490.558	-0.927247	1.42531	-0.551322	
490.537	-0.947875	1.41306	-0.550389	
490.515	-0.968375	1.40063	-0.549706	
490.493	-0.988935	1.38779	-0.549218	
490.47	-1.00957	1.37469	-0.549036	
490.447	-1.0302	1.36169	-0.54929	
490.424	-1.05094	1.34872	-0.549916	
490.4	-1.07191	1.33539	-0.550713	
490.375	-1.09315	1.32167	-0.551621	
490.35	-1.11432	1.30773	-0.552848	
490.325	-1.13532	1.29332	-0.554381	
490.299	-1.15598	1.27813	-0.555887	
490.272	-1.17608	1.26214	-0.557234	
490.246	-1.19551	1.24553	-0.558534	
490.218	-1.21437	1.22841	-0.559812	
490.191	-1.23283	1.2107	-0.561108	
490.163	-1.25132	1.19237	-0.562488	
490.134	-1.27024	1.17357	-0.563742	
490.105	-1.28945	1.15443	-0.564751	
490.076	-1.30886	1.13507	-0.565592	
490.046	-1.32844	1.11564	-0.566237	
490.016	-1.34821	1.09607	-0.566607	
489.985	-1.36831	1.07617	-0.566743	
489.954	-1.38833	1.056	-0.566711	
489.923	-1.40773	1.03568	-0.566441	
489.891	-1.42651	1.01512	-0.56599	
489.858	-1.44476	0.994156	-0.565604	
489.826	-1.46263	0.972862	-0.565399	
489.792	-1.48016	0.95139	-0.565255	
489.759	-1.49683	0.929711	-0.565112	
489.725	-1.51098	0.907997	-0.564992	
489.691	-1.5228	0.886399	-0.564816	
489.657	-1.53253	0.864714	-0.564559	
489.622	-1.54033	0.842869	-0.56419	
489.587	-1.54634	0.820957	-0.563572	
489.553	-1.55161	0.798895	-0.562762	
489.518	-1.55774	0.776883	-0.561923	
489.483	-1.56468	0.755058	-0.560878	
489.447	-1.5724	0.733149	-0.55952	
489.412	-1.58072	0.711117	-0.558116	
489.376	-1.5894	0.689345	-0.55717	
489.341	-1.5983	0.667838	-0.557095	
489.305	-1.60748	0.64622	-0.557559	
489.268	-1.61703	0.624667	-0.557851	
489.232	-1.62717	0.603294	-0.557693	
489.195	-1.63818	0.581621	-0.557283	
489.158	-1.65005	0.559257	-0.556824	
489.121	-1.66165	0.536508	-0.556339	
489.083	-1.67292	0.513484	-0.55581	
489.046	-1.68393	0.489953	-0.555416	
489.008	-1.69474	0.465959	-0.555285	
488.97	-1.70526	0.442106	-0.555314	
488.931	-1.71314	0.418333	-0.555718	
488.893	-1.71816	0.393854	-0.556584	
488.854	-1.72084	0.3688	-0.557257	
488.815	-1.7216	0.343892	-0.557467	
488.777	-1.72066	0.31938	-0.55798	
488.738	-1.72016	0.295099	-0.559279	
488.7	-1.72149	0.270963	-0.560754	
488.661	-1.72472	0.246999	-0.562194	
488.622	-1.72997	0.223115	-0.563811	
488.583	-1.73732	0.199248	-0.565549	
488.544	-1.74554	0.175696	-0.567258	
488.505	-1.75303	0.152381	-0.568903	
488.466	-1.76005	0.128908	-0.570232	
488.426	-1.76699	0.105309	-0.571189	
488.386	-1.77411	0.0816513	-0.572017	
488.346	-1.78088	0.0576825	-0.572826	
488.306	-1.78605	0.0334397	-0.573557	
488.266	-1.78948	0.00899482	-0.574179	
488.226	-1.79108	-0.0156439	-0.574657	
488.186	-1.79069	-0.0403782	-0.574963	
488.146	-1.78851	-0.0652558	-0.574942	
488.106	-1.78545	-0.0901738	-0.574551	
488.066	-1.78182	-0.115008	-0.574174	
488.026	-1.77778	-0.139962	-0.574101	
487.986	-1.7735	-0.164969	-0.574254	
487.947	-1.76969	-0.189898	-0.574472	
487.907	-1.76743	-0.215195	-0.574502	
487.868	-1.76661	-0.240754	-0.574161	
487.828	-1.76709	-0.266143	-0.573563	
487.788	-1.76877	-0.291265	-0.572843	
487.749	-1.7707	-0.316271	-0.571989	
487.709	-1.77084	-0.341361	-0.571161	
487.669	-1.76942	-0.366463	-0.570528	
487.63	-1.76688	-0.391505	-0.570241	
487.59	-1.76367	-0.416523	-0.570337	
487.551	-1.76027	-0.441422	-0.570505	
487.511	-1.75718	-0.466127	-0.57037	
487.472	-1.75437	-0.490708	-0.570135	
487.433	-1.75189	-0.515182	-0.570041	
487.394	-1.74981	-0.539493	-0.569906	
487.354	-1.74803	-0.563533	-0.569542	
487.315	-1.74578	-0.587226	-0.569198	
487.276	-1.74304	-0.610778	-0.568878	
487.237	-1.73991	-0.634779	-0.568369	
487.198	-1.73656	-0.659545	-0.567874	
487.16	-1.73324	-0.684496	-0.567548	
487.121	-1.72906	-0.708882	-0.566997	
487.082	-1.72375	-0.732854	-0.566389	
487.044	-1.71719	-0.756854	-0.565951	
487.005	-1.70946	-0.781123	-0.565677	
486.967	-1.70083	-0.805417	-0.565864	
486.929	-1.69101	-0.829303	-0.566475	
486.892	-1.67984	-0.852743	-0.567091	
486.854	-1.66724	-0.875939	-0.567945	
486.817	-1.65329	-0.899103	-0.569093	
486.781	-1.6383	-0.922094	-0.570087	
486.744	-1.62256	-0.944592	-0.570966	
486.708	-1.60597	-0.96684	-0.571951	
486.673	-1.58825	-0.989225	-0.572828	
486.638	-1.56928	-1.01173	-0.573498	
486.603	-1.54921	-1.03412	-0.573989	
486.569	-1.52828	-1.05632	-0.574304	
486.535	-1.50689	-1.07842	-0.574704	
486.502	-1.48477	-1.10027	-0.575192	
486.469	-1.46185	-1.12166	-0.575534	
486.437	-1.43813	-1.14249	-0.575767	
486.405	-1.41382	-1.16257	-0.576076	
486.374	-1.38913	-1.18177	-0.576449	
486.343	-1.36625	-1.20065	-0.576823	
486.313	-1.3455	-1.21959	-0.577086	
486.283	-1.32669	-1.23826	-0.5772	
486.254	-1.30953	-1.25651	-0.577391	
486.225	-1.29375	-1.27449	-0.577893	
486.196	-1.27935	-1.29212	-0.578731	
486.168	-1.26598	-1.30924	-0.579766	
486.14	-1.25192	-1.32614	-0.580678	
486.112	-1.23742	-1.34275	-0.581208	
486.085	-1.22279	-1.3589	-0.581297	
486.058	-1.20809	-1.37479	-0.58103	
486.031	-1.19329	-1.3908	-0.580517	
486.004	-1.17828	-1.40694	-0.579835	
485.978	-1.16284	-1.42302	-0.579066	
485.953	-1.14636	-1.43912	-0.578368	
485.927	-1.1292	-1.45531	-0.577756	
485.903	-1.1118	-1.47137	-0.577021	
485.878	-1.09434	-1.4872	-0.576121	
485.854	-1.07679	-1.50285	-0.575327	
485.83	-1.05909	-1.51833	-0.574708	
485.807	-1.04116	-1.53361	-0.573906	
485.784	-1.02286	-1.54876	-0.572838	
485.761	-1.00454	-1.56364	-0.571932	
485.739	-0.986286	-1.57819	-0.571122	
485.718	-0.967936	-1.59256	-0.570061	
485.696	-0.949339	-1.60689	-0.568781	
485.675	-0.930554	-1.62105	-0.567523	
485.655	-0.911807	-1.63484	-0.566397	
485.635	-0.89334	-1.64821	-0.565477	
485.615	-0.875353	-1.66128	-0.564927	
485.596	-0.857989	-1.67408	-0.564889	
485.577	-0.84105	-1.68638	-0.565212	
485.559	-0.823819	-1.69807	-0.565448	
485.541	-0.806099	-1.7092	-0.565434	
485.523	-0.787663	-1.71989	-0.565415	
485.506	-0.768361	-1.73023	-0.565785	
485.489	-0.748234	-1.74009	-0.566704	
485.473	-0.727446	-1.74916	-0.56792	
485.457	-0.706139	-1.75737	-0.568988	
485.442	-0.684312	-1.7651	-0.569748	
485.427	-0.661897	-1.77285	-0.570424	
485.413	-0.638914	-1.78078	-0.57127	
485.399	-0.615486	-1.78857	-0.572235	
485.385	-0.591677	-1.796	-0.57301	
485.373	-0.567235	-1.80312	-0.573352	
485.361	-0.542309	-1.80998	-0.573502	
485.349	-0.517012	-1.81652	-0.573894	
485.338	-0.491404	-1.82278	-0.574565	
485.328	-0.465575	-1.82883	-0.575147	
485.318	-0.439745	-1.8346	-0.575393	
485.308	-0.414071	-1.84015	-0.575377	
485.3	-0.38849	-1.84569	-0.575308	
485.292	-0.362821	-1.85137	-0.575357	
485.284	-0.336972	-1.85702	-0.575533	
485.277	-0.31101	-1.86243	-0.57567	
485.271	-0.285119	-1.86754	-0.575708	
485.265	-0.259499	-1.87234	-0.57586	
485.26	-0.234188	-1.87679	-0.576324	
485.255	-0.209145	-1.88082	-0.576949	
485.251	-0.184386	-1.88441	-0.577362	
485.247	-0.159788	-1.88768	-0.577344	
485.244	-0.135157	-1.89079	-0.577017	
485.242	-0.110356	-1.89377	-0.576677	
485.24	-0.0854619	-1.89638	-0.57652	
485.238	-0.060635	-1.8984	-0.576492	
485.238	-0.0357993	-1.8998	-0.576389	
485.237	-0.0108176	-1.90063	-0.576103	
485.238	0.014379	-1.9011	-0.575673	
485.239	0.0396932	-1.90138	-0.575098	
485.24	0.0650518	-1.90142	-0.574367	
485.242	0.0903342	-1.90092	-0.573576	
485.245	0.115475	-1.89978	-0.572882	
485.248	0.140426	-1.8982	-0.572361	
485.252	0.165098	-1.89628	-0.572026	
485.256	0.189333	-1.89383	-0.571914	
485.261	0.213127	-1.8907	-0.572066	
485.266	0.236572	-1.88702	-0.572433	
485.272	0.259719	-1.88297	-0.57287	
485.278	0.282603	-1.87853	-0.573215	
485.285	0.30532	-1.87362	-0.573355	
485.292	0.32803	-1.86827	-0.57324	
485.3	0.350901	-1.86255	-0.572878	
485.309	0.374012	-1.8565	-0.572232	
485.317	0.397449	-1.85006	-0.571222	
485.327	0.421309	-1.84311	-0.56989	
485.337	0.445637	-1.83551	-0.568512	
485.347	0.470393	-1.82718	-0.567369	
485.358	0.495484	-1.81824	-0.566476	
485.37	0.52087	-1.80903	-0.565646	
485.382	0.546563	-1.7998	-0.564766	
485.395	0.572566	-1.79051	-0.563953	
485.409	0.598648	-1.78113	-0.56349	
485.423	0.624457	-1.77189	-0.563627	
485.437	0.64984	-1.76286	-0.564312	
485.452	0.674798	-1.75376	-0.565311	
485.468	0.699225	-1.74433	-0.566471	
485.484	0.72292	-1.73461	-0.567839	
485.501	0.745742	-1.72486	-0.569499	
485.518	0.767712	-1.71514	-0.571291	
485.536	0.788979	-1.70518	-0.572821	
485.554	0.809537	-1.69469	-0.573969	
485.572	0.829162	-1.68365	-0.575112	
485.591	0.847629	-1.67217	-0.576555	
485.611	0.864869	-1.66038	-0.577946	
485.631	0.881205	-1.64858	-0.578731	
485.651	0.89716	-1.63696	-0.578975	
485.671	0.913002	-1.62528	-0.579102	
485.692	0.92901	-1.61333	-0.579322	
485.713	0.945338	-1.60125	-0.579497	
485.735	0.961969	-1.58924	-0.579504	
485.757	0.97884	-1.57722	-0.579414	
485.779	0.99591	-1.56493	-0.579221	
485.802	1.01326	-1.5521	-0.578817	
485.825	1.03112	-1.53842	-0.57836	
485.848	1.04921	-1.52403	-0.578161	
485.872	1.06741	-1.50939	-0.578108	
485.896	1.08572	-1.49462	-0.577926	
485.921	1.10411	-1.47948	-0.577517	
485.946	1.12255	-1.46374	-0.577017	
485.972	1.14085	-1.44745	-0.576551	
485.998	1.15877	-1.43081	-0.576039	
486.024	1.17606	-1.41397	-0.575541	
486.051	1.1931	-1.39693	-0.575348	
486.078	1.20999	-1.37971	-0.575227	
486.106	1.22687	-1.36221	-0.574818	
486.133	1.24392	-1.34418	-0.57424	
486.162	1.26119	-1.32564	-0.573711	
486.19	1.2786	-1.30682	-0.573148	
486.219	1.29603	-1.28791	-0.57244	
486.249	1.31465	-1.26905	-0.571541	
486.279	1.33495	-1.25003	-0.57044	
486.309	1.35678	-1.23064	-0.569139	
486.34	1.38014	-1.21104	-0.567571	
486.372	1.4052	-1.19149	-0.565839	
486.404	1.43232	-1.1721	-0.564409	
486.436	1.46165	-1.15292	-0.56351	
486.47	1.49061	-1.13343	-0.562713	
486.504	1.51911	-1.11303	-0.561879	
486.539	1.54699	-1.0919	-0.56112	
486.574	1.57429	-1.07046	-0.560504	
486.61	1.60122	-1.04873	-0.560206	
486.646	1.6277	-1.02674	-0.560136	
486.683	1.65277	-1.0046	-0.559629	
486.721	1.67623	-0.982357	-0.558826	
486.759	1.69786	-0.960013	-0.558436	
486.797	1.71773	-0.937308	-0.558379	
486.836	1.73593	-0.914088	-0.557828	
486.876	1.75177	-0.890878	-0.55704	
486.915	1.76526	-0.867762	-0.556699	
486.955	1.77653	-0.84418	-0.556693	
486.995	1.78562	-0.819674	-0.556963	
487.035	1.79237	-0.794376	-0.557661	
487.075	1.79766	-0.768875	-0.558161	
487.116	1.80142	-0.743342	-0.558252	
487.156	1.80348	-0.717718	-0.558267	
487.197	1.80393	-0.692284	-0.558254	
487.237	1.80308	-0.66737	-0.558224	
487.277	1.80219	-0.642514	-0.558765	
487.318	1.8011	-0.61725	-0.56013	
487.358	1.79957	-0.591545	-0.561888	
487.398	1.79744	-0.565751	-0.563455	
487.439	1.79469	-0.540307	-0.564787	
487.479	1.79305	-0.515173	-0.566343	
487.519	1.79256	-0.490179	-0.56824	
487.559	1.79311	-0.46525	-0.570113	
487.599	1.79463	-0.44004	-0.571603	
487.64	1.797	-0.414357	-0.57272	
487.68	1.79919	-0.388625	-0.573728	
487.72	1.80124	-0.363	-0.574623	
487.761	1.80296	-0.337686	-0.575205	
487.801	1.80413	-0.312827	-0.575342	
487.842	1.80465	-0.287833	-0.574939	
487.882	1.80757	-0.262175	-0.57417	
487.923	1.81297	-0.236292	-0.57345	
487.963	1.82085	-0.210519	-0.57262	
488.005	1.8311	-0.184759	-0.571534	
488.046	1.84316	-0.158811	-0.570604	
488.087	1.85417	-0.13267	-0.56976	
488.129	1.86442	-0.10623	-0.568755	
488.171	1.87395	-0.0792844	-0.567522	
488.213	1.88265	-0.0523464	-0.56597	
488.256	1.88968	-0.0260935	-0.564393	
488.298	1.89394	-0.00019008	-0.562958	
488.341	1.89582	0.0255762	-0.561472	
488.383	1.89553	0.051414	-0.560071	
488.426	1.89307	0.0777411	-0.55904	
488.468	1.88944	0.10449	-0.55839	
488.51	1.88538	0.131302	-0.557981	
488.552	1.88107	0.157957	-0.557823	
488.594	1.87659	0.184506	-0.557995	
488.636	1.87193	0.211228	-0.558424	
488.678	1.86969	0.23817	-0.558661	
488.72	1.87031	0.264913	-0.55848	
488.762	1.87373	0.291108	-0.558249	
488.804	1.87988	0.317121	-0.55829	
488.846	1.888	0.34354	-0.558475	
488.889	1.8917	0.370028	-0.558599	
488.931	1.89109	0.396179	-0.558644	
488.973	1.88633	0.421968	-0.558599	
489.016	1.87754	0.447475	-0.558242	
489.057	1.86604	0.472905	-0.55766	
489.099	1.85415	0.49833	-0.557303	
489.14	1.84204	0.523633	-0.557068	
489.181	1.82984	0.548726	-0.557064	
489.222	1.81762	0.573647	-0.557608	
489.262	1.80678	0.598622	-0.55847	
489.303	1.79845	0.623605	-0.559264	
489.343	1.79248	0.648461	-0.559621	
489.383	1.78862	0.673364	-0.559721	
489.423	1.78662	0.698485	-0.560209	
489.463	1.78558	0.723696	-0.560805	
489.503	1.78498	0.749029	-0.56096	
489.543	1.78491	0.774442	-0.561063	
489.583	1.78544	0.799594	-0.561631	
489.623	1.78658	0.824459	-0.56263	
489.663	1.78431	0.849487	-0.563658	
489.703	1.77576	0.874728	-0.564681	
489.742	1.76118	0.899882	-0.565905	
489.781	1.74091	0.924745	-0.567228	
489.82	1.71507	0.949442	-0.568254	
489.858	1.68684	0.97402	-0.568686	
489.895	1.65906	0.998085	-0.568819	
489.931	1.63156	1.02159	-0.568997	
489.967	1.6042	1.04473	-0.569047	
490.003	1.57713	1.06732	-0.568792	
490.037	1.5506	1.08913	-0.568807	
490.072	1.52629	1.11035	-0.569405	
490.105	1.50413	1.13113	-0.569901	
490.139	1.48401	1.15141	-0.570134	
490.171	1.46577	1.17109	-0.5705	
490.204	1.44934	1.19048	-0.570978	
490.236	1.43425	1.21006	-0.571252	
490.268	1.41727	1.22988	-0.571134	
490.299	1.39858	1.24961	-0.570526	
490.33	1.37808	1.26919	-0.569607	
490.36	1.35557	1.28887	-0.56858	
490.39	1.33088	1.30868	-0.567345	
490.419	1.30378	1.3283	-0.566077	
490.448	1.27577	1.34736	-0.565274	
490.476	1.24766	1.3658	-0.564656	
490.503	1.21954	1.38367	-0.563729	
490.53	1.19158	1.40094	-0.562539	
490.556	1.16398	1.4177	-0.561347	
490.582	1.13695	1.43414	-0.560227	
490.606	1.11057	1.45032	-0.559194	
490.631	1.085	1.46601	-0.558212	
490.654	1.06089	1.48109	-0.557135	
490.678	1.03829	1.49576	-0.556016	
490.701	1.01721	1.51016	-0.555029	
490.723	0.997677	1.52407	-0.554236	
490.745	0.979725	1.5371	-0.553545	
490.766	0.963179	1.54935	-0.552773	
490.788	0.947705	1.56163	-0.551917	
490.809	0.932859	1.57443	-0.551334	
490.829	0.917933	1.58709	-0.55137	
490.849	0.902521	1.599	-0.551773	
490.869	0.886894	1.61042	-0.552161	
490.889	0.871275	1.62163	-0.552487	
490.908	0.855819	1.63263	-0.552951	
490.927	0.840566	1.64347	-0.553708	
490.945	0.825614	1.65426	-0.554731	
490.963	0.811122	1.66493	-0.555902	
490.981	0.797068	1.67555	-0.557185	
490.999	0.783062	1.68649	-0.558567	
491.016	0.768781	1.69781	-0.559904	
491.033	0.754181	1.70881	-0.561089	
491.05	0.73929	1.71923	-0.562341	
491.066	0.723981	1.72937	-0.563945	
491.082	0.708186	1.73942	-0.565887	
491.097	0.691894	1.7493	-0.567825	
491.112	0.674965	1.75907	-0.569432	
491.127	0.657296	1.7687	-0.570679	
491.141	0.638929	1.77792	-0.571792	
491.155	0.619855	1.78655	-0.572926	
491.169	0.599963	1.79491	-0.574075	
491.182	0.579223	1.80336	-0.575218	
491.194	0.5577	1.81181	-0.576252	
491.206	0.535426	1.81991	-0.576797	
491.218	0.512012	1.82746	-0.576594	
491.229	0.487303	1.83446	-0.576135	
491.239	0.461416	1.84103	-0.575945	
491.249	0.434291	1.84733	-0.575829	
491.258	0.405901	1.85349	-0.575368	
491.266	0.376253	1.85942	-0.574475	
491.274	0.34544	1.86489	-0.573176	
491.281	0.313572	1.86969	-0.571439	
491.287	0.280815	1.8738	-0.569523	
491.293	0.247283	1.87744	-0.567895	
491.298	0.213175	1.88073	-0.566594	
491.302	0.178756	1.88341	-0.565162	
491.305	0.144179	1.88512	-0.563309	
491.307	0.109518	1.88591	-0.561236	
491.309	0.0749487	1.88624	-0.559325	
491.31	0.0406557	1.88637	-0.557776	
491.31	0.00667424	1.88615	-0.556551	
491.309	-0.0270555	1.88533	-0.555496	
491.308	-0.0605424	1.88395	-0.554531	
491.306	-0.0937101	1.88227	-0.553746	
491.303	-0.12642	1.8804	-0.553258	
491.3	-0.158561	1.87818	-0.553062	
491.295	-0.190018	1.8754	-0.55317	
491.29	-0.220656	1.87204	-0.553698	
491.285	-0.250299	1.86825	-0.554662	
491.278	-0.278814	1.86418	-0.555855	
491.272	-0.306167	1.85981	-0.557049	
491.264	-0.332336	1.85511	-0.558172	
491.256	-0.357244	1.85021	-0.559256	
491.248	-0.380804	1.84525	-0.560322	
491.239	-0.402957	1.84006	-0.561265	
491.229	-0.423711	1.83438	-0.561805	
491.219	-0.443222	1.82812	-0.561917	
491.209	-0.461657	1.82165	-0.56211	
491.198	-0.478974	1.81549	-0.562741	
491.187	-0.495289	1.80968	-0.563439	
491.176	-0.511623	1.80363	-0.563799	
491.164	-0.528186	1.79712	-0.563985	
491.151	-0.545051	1.79045	-0.564089	
491.139	-0.562075	1.78373	-0.563984	
491.126	-0.579185	1.77667	-0.56367	
491.113	-0.596455	1.76907	-0.563251	
491.099	-0.613847	1.76108	-0.562757	
491.085	-0.631198	1.75293	-0.5623	
491.07	-0.648397	1.74458	-0.562137	
491.055	-0.665434	1.73579	-0.562458	
491.04	-0.682358	1.72653	-0.563257	
491.024	-0.699248	1.71695	-0.564263	
491.008	-0.71607	1.70697	-0.565151	
490.992	-0.732524	1.69652	-0.565871	
490.975	-0.748446	1.68606	-0.566549	
490.958	-0.764042	1.67576	-0.567062	
490.94	-0.779606	1.66494	-0.567283	
490.923	-0.795193	1.65336	-0.567223	
490.904	-0.810678	1.64148	-0.566849	
490.886	-0.826028	1.62948	-0.566189	
490.867	-0.841208	1.6171	-0.565442	
490.848	-0.855979	1.60429	-0.564758	
490.828	-0.870177	1.59115	-0.564069	
490.809	-0.88375	1.57764	-0.563143	
490.788	-0.896509	1.56372	-0.561821	
490.768	-0.909327	1.54963	-0.560465	
490.747	-0.923195	1.53557	-0.559579	
490.726	-0.93837	1.52152	-0.559004	
490.705	-0.955079	1.50752	-0.558372	
490.683	-0.973514	1.49384	-0.557746	
490.661	-0.993879	1.48034	-0.557392	
490.638	-1.01625	1.46658	-0.557386	
490.615	-1.04039	1.45239	-0.557544	
490.591	-1.06604	1.43784	-0.557614	
490.566	-1.09288	1.42279	-0.557823	
490.541	-1.12043	1.40749	-0.558637	
490.516	-1.1487	1.39217	-0.559528	
490.489	-1.17768	1.37664	-0.559748	
490.462	-1.20739	1.36067	-0.559386	
490.434	-1.23786	1.34417	-0.558704	
490.406	-1.26921	1.32703	-0.557562	
490.377	-1.30145	1.30925	-0.556181	
490.347	-1.33131	1.29105	-0.555033	
490.316	-1.35789	1.27257	-0.553779	
490.286	-1.38091	1.25393	-0.55235	
490.254	-1.40002	1.23522	-0.551275	
490.222	-1.41504	1.2164	-0.550811	
490.19	-1.4258	1.19741	-0.550741	
490.158	-1.43422	1.1782	-0.550898	
490.126	-1.44535	1.15885	-0.55131	
490.093	-1.45954	1.13941	-0.551907	
490.06	-1.47691	1.12002	-0.552488	
490.027	-1.49744	1.10072	-0.553048	
489.993	-1.52108	1.08116	-0.553927	
489.958	-1.54753	1.06101	-0.555075	
489.923	-1.57566	1.04011	-0.55592	
489.887	-1.60573	1.01829	-0.556474	
489.85	-1.63791	0.995781	-0.55705	
489.812	-1.67239	0.973052	-0.557709	
489.774	-1.7095	0.950036	-0.558292	
489.735	-1.74136	0.926381	-0.558599	
489.696	-1.76359	0.902189	-0.558721	
489.656	-1.7757	0.877749	-0.558847	
489.616	-1.77749	0.853096	-0.559187	
489.576	-1.76908	0.828014	-0.559957	
489.537	-1.75729	0.802736	-0.561091	
489.498	-1.7466	0.777601	-0.562317	
489.459	-1.73702	0.752498	-0.563347	
489.42	-1.72846	0.727627	-0.564062	
489.382	-1.7209	0.703329	-0.564604	
489.343	-1.71629	0.679048	-0.564845	
489.305	-1.71662	0.654504	-0.564732	
489.266	-1.72188	0.630107	-0.564872	
489.227	-1.73223	0.60582	-0.565375	
489.188	-1.74798	0.581364	-0.565641	
489.148	-1.76763	0.556676	-0.565567	
489.108	-1.78708	0.531741	-0.565809	
489.068	-1.80629	0.506752	-0.566524	
489.027	-1.82538	0.481805	-0.56709	
488.986	-1.84449	0.456776	-0.566925	
488.944	-1.8608	0.43151	-0.566712	
488.902	-1.86876	0.40592	-0.567118	
488.86	-1.86825	0.380215	-0.567505	
488.819	-1.8592	0.354727	-0.567583	
488.777	-1.84179	0.329659	-0.567467	
488.736	-1.82424	0.305003	-0.566674	
488.696	-1.81274	0.280501	-0.565498	
488.655	-1.80715	0.2558	-0.564697	
488.615	-1.80751	0.230778	-0.564192	
488.574	-1.81403	0.205619	-0.563776	
488.533	-1.8234	0.18047	-0.563759	
488.492	-1.83349	0.155387	-0.563911	
488.451	-1.84413	0.130299	-0.563875	
488.409	-1.85506	0.104823	-0.563644	
488.368	-1.86611	0.0787493	-0.5632	
488.326	-1.8724	0.0524201	-0.56249	
488.284	-1.87264	0.0265261	-0.561723	
488.242	-1.86714	0.0014745	-0.560924	
488.2	-1.85621	-0.0233121	-0.560288	
488.159	-1.8399	-0.0484811	-0.560352	
488.118	-1.82252	-0.0735856	-0.560783	
488.078	-1.80405	-0.0983103	-0.56089	
488.038	-1.78444	-0.122735	-0.560883	
487.998	-1.76366	-0.14673	-0.561211	
487.959	-1.74207	-0.170189	-0.561662	
487.921	-1.72519	-0.194018	-0.561995	
487.882	-1.71281	-0.218572	-0.562483	
487.844	-1.70477	-0.243231	-0.563214	
487.806	-1.701	-0.267753	-0.563864	
487.768	-1.70147	-0.292377	-0.564416	
487.73	-1.70151	-0.316846	-0.565376	
487.691	-1.70026	-0.340858	-0.566346	
487.653	-1.69773	-0.364543	-0.566688	
487.615	-1.6937	-0.388335	-0.56657	
487.578	-1.6881	-0.412178	-0.566578	
487.54	-1.68331	-0.435571	-0.567079	
487.502	-1.68075	-0.458716	-0.567926	
487.465	-1.68018	-0.481777	-0.568649	
487.427	-1.68134	-0.504733	-0.568951	
487.389	-1.68398	-0.527828	-0.56917	
487.351	-1.68821	-0.551261	-0.570014	
487.313	-1.6944	-0.575146	-0.57116	
487.275	-1.70243	-0.59941	-0.571558	
487.237	-1.71217	-0.623769	-0.571301	
487.198	-1.72364	-0.648118	-0.571349	
487.159	-1.73694	-0.672274	-0.571647	
487.12	-1.74928	-0.696044	-0.571152	
487.081	-1.76051	-0.719978	-0.570331	
487.041	-1.77071	-0.7443	-0.570115	
487.001	-1.78015	-0.7686	-0.570237	
486.961	-1.78899	-0.792693	-0.569948	
486.921	-1.79087	-0.817054	-0.569484	
486.881	-1.78527	-0.841874	-0.569051	
486.841	-1.77208	-0.866783	-0.5688	
486.802	-1.75139	-0.891334	-0.568986	
486.763	-1.72333	-0.915645	-0.569342	
486.725	-1.6907	-0.939776	-0.569505	
486.688	-1.65361	-0.963265	-0.569572	
486.652	-1.61195	-0.986111	-0.569406	
486.617	-1.56569	-1.00872	-0.569026	
486.583	-1.51508	-1.03101	-0.568957	
486.55	-1.46299	-1.05232	-0.569389	
486.519	-1.41201	-1.0726	-0.569806	
486.488	-1.36199	-1.09234	-0.569922	
486.459	-1.31292	-1.1118	-0.569801	
486.43	-1.26498	-1.13076	-0.569743	
486.403	-1.21829	-1.14884	-0.570174	
486.377	-1.17295	-1.16592	-0.571048	
486.351	-1.13338	-1.1822	-0.571469	
486.327	-1.09975	-1.19796	-0.571167	
486.303	-1.0717	-1.21327	-0.570495	
486.279	-1.04906	-1.228	-0.5698	
486.256	-1.03176	-1.24204	-0.569176	
486.233	-1.01978	-1.2557	-0.568552	
486.211	-1.01315	-1.26952	-0.567892	
486.188	-1.01195	-1.2837	-0.567247	
486.165	-1.01346	-1.29821	-0.566508	
486.142	-1.01506	-1.31292	-0.565524	
486.12	-1.01656	-1.32751	-0.56443	
486.097	-1.01775	-1.3418	-0.563516	
486.074	-1.01847	-1.35616	-0.562942	
486.051	-1.01866	-1.37095	-0.56281	
486.028	-1.01845	-1.38588	-0.563195	
486.006	-1.01793	-1.40033	-0.563965	
485.983	-1.0171	-1.4141	-0.564789	
485.96	-1.01475	-1.42754	-0.565319	
485.937	-1.01058	-1.44092	-0.565562	
485.915	-1.00463	-1.45422	-0.565748	
485.893	-0.996948	-1.46741	-0.566007	
485.87	-0.987595	-1.48051	-0.566212	
485.849	-0.976608	-1.4935	-0.566263	
485.827	-0.963861	-1.5064	-0.566462	
485.806	-0.949209	-1.51918	-0.567163	
485.785	-0.932619	-1.53167	-0.56804	
485.764	-0.915973	-1.5439	-0.568264	
485.744	-0.899843	-1.55618	-0.567874	
485.724	-0.884168	-1.5687	-0.567501	
485.705	-0.86887	-1.5815	-0.567402	
485.686	-0.853741	-1.59452	-0.567252	
485.667	-0.838577	-1.60749	-0.566736	
485.648	-0.823232	-1.62009	-0.566018	
485.63	-0.807569	-1.63239	-0.565596	
485.613	-0.791646	-1.64477	-0.565724	
485.595	-0.775695	-1.65723	-0.565936	
485.578	-0.759883	-1.66937	-0.56548	
485.562	-0.744121	-1.68118	-0.564471	
485.545	-0.728457	-1.69289	-0.563544	
485.529	-0.712907	-1.70425	-0.562941	
485.514	-0.697424	-1.71485	-0.562494	
485.498	-0.681871	-1.72467	-0.562044	
485.483	-0.666194	-1.73395	-0.561559	
485.469	-0.650525	-1.74288	-0.56111	
485.455	-0.634995	-1.75156	-0.560878	
485.441	-0.619734	-1.75988	-0.561083	
485.427	-0.604957	-1.76754	-0.561771	
485.414	-0.590734	-1.77441	-0.562537	
485.401	-0.576917	-1.7808	-0.562743	
485.388	-0.563246	-1.78718	-0.56233	
485.376	-0.547879	-1.79365	-0.56215	
485.364	-0.530765	-1.80005	-0.56264	
485.353	-0.511977	-1.80629	-0.563366	
485.342	-0.491602	-1.81249	-0.563756	
485.331	-0.469762	-1.81864	-0.563729	
485.321	-0.446659	-1.82441	-0.563546	
485.312	-0.422438	-1.82954	-0.563406	
485.303	-0.397144	-1.83398	-0.563378	
485.294	-0.370907	-1.83782	-0.563469	
485.287	-0.343921	-1.84116	-0.563654	
485.28	-0.316191	-1.84429	-0.563831	
485.273	-0.287607	-1.84758	-0.563851	
485.267	-0.258026	-1.85109	-0.563633	
485.262	-0.227434	-1.85453	-0.563165	
485.258	-0.196048	-1.8575	-0.56241	
485.254	-0.164186	-1.86007	-0.561393	
485.251	-0.132079	-1.86267	-0.560299	
485.249	-0.0999092	-1.86561	-0.559315	
485.248	-0.0677915	-1.86863	-0.558408	
485.247	-0.0358226	-1.87118	-0.557507	
485.247	-0.00406683	-1.87288	-0.556736	
485.247	0.0272952	-1.87373	-0.556165	
485.249	0.0581493	-1.87393	-0.555637	
485.251	0.0885087	-1.87364	-0.554967	
485.253	0.118457	-1.87298	-0.554222	
485.257	0.14799	-1.87198	-0.553647	
485.261	0.177063	-1.87064	-0.553486	
485.265	0.205633	-1.86889	-0.553829	
485.27	0.233666	-1.86661	-0.554525	
485.276	0.261205	-1.86374	-0.555262	
485.283	0.288227	-1.86028	-0.555837	
485.29	0.314612	-1.85628	-0.556229	
485.297	0.340258	-1.8516	-0.556386	
485.306	0.365066	-1.84608	-0.55631	
485.314	0.388847	-1.83981	-0.55635	
485.324	0.411573	-1.83309	-0.556942	
485.333	0.433378	-1.82612	-0.557975	
485.343	0.454168	-1.81908	-0.558946	
485.354	0.47366	-1.81227	-0.559705	
485.365	0.491724	-1.80568	-0.560563	
485.376	0.50846	-1.79882	-0.561676	
485.388	0.523777	-1.79127	-0.562815	
485.4	0.537306	-1.78309	-0.563768	
485.413	0.548792	-1.77447	-0.564603	
485.425	0.560021	-1.7657	-0.565373	
485.438	0.571223	-1.75717	-0.565913	
485.451	0.5825	-1.74891	-0.56611	
485.464	0.59385	-1.74056	-0.566076	
485.478	0.605219	-1.73181	-0.565873	
485.492	0.616561	-1.72261	-0.565335	
485.506	0.627855	-1.71306	-0.564351	
485.52	0.63901	-1.70345	-0.563149	
485.535	0.649931	-1.69404	-0.562088	
485.549	0.66056	-1.68473	-0.561221	
485.564	0.670827	-1.67532	-0.560354	
485.58	0.680645	-1.66572	-0.559582	
485.595	0.690028	-1.65592	-0.559385	
485.611	0.699202	-1.64581	-0.559927	
485.627	0.709389	-1.63548	-0.560557	
485.643	0.721168	-1.62536	-0.560714	
485.659	0.734591	-1.61559	-0.560509	
485.676	0.74953	-1.60583	-0.560201	
485.693	0.76573	-1.59569	-0.559918	
485.711	0.783	-1.5851	-0.559792	
485.729	0.801295	-1.57415	-0.559918	
485.747	0.820729	-1.56297	-0.560172	
485.766	0.841427	-1.55172	-0.560219	
485.785	0.863416	-1.54036	-0.559792	
485.805	0.886685	-1.52869	-0.559041	
485.826	0.910129	-1.51657	-0.558492	
485.846	0.930403	-1.504	-0.558308	
485.868	0.947311	-1.49104	-0.55815	
485.889	0.960944	-1.47791	-0.557856	
485.911	0.971439	-1.46488	-0.557604	
485.933	0.978793	-1.4521	-0.557544	
485.955	0.982865	-1.43968	-0.557577	
485.977	0.983464	-1.42758	-0.557584	
485.999	0.980699	-1.41537	-0.557686	
486.021	0.974928	-1.40269	-0.55808	
486.043	0.968977	-1.38985	-0.558618	
486.064	0.962727	-1.37729	-0.558957	
486.086	0.956103	-1.36498	-0.558989	
486.107	0.949141	-1.35265	-0.558952	
486.128	0.941809	-1.34029	-0.559183	
486.149	0.934091	-1.32807	-0.559746	
486.17	0.926004	-1.316	-0.560427	
486.19	0.917478	-1.30397	-0.561073	
486.211	0.908415	-1.29171	-0.561637	
486.231	0.902188	-1.27876	-0.562189	
486.251	0.901911	-1.2652	-0.563043	
486.271	0.907549	-1.25163	-0.564104	
486.292	0.919319	-1.23832	-0.564696	
486.313	0.937458	-1.22488	-0.56451	
486.334	0.962044	-1.21106	-0.563989	
486.357	0.993238	-1.19697	-0.563571	
486.38	1.03149	-1.18251	-0.563346	
486.404	1.07731	-1.16727	-0.563283	
486.429	1.13036	-1.15125	-0.563147	
486.456	1.18657	-1.13455	-0.562868	
486.484	1.24592	-1.11694	-0.562964	
486.513	1.30825	-1.09847	-0.563615	
486.544	1.37353	-1.07947	-0.564383	
486.576	1.44183	-1.05971	-0.565131	
486.61	1.51329	-1.03868	-0.566101	
486.646	1.58547	-1.01646	-0.567035	
486.683	1.6519	-0.99338	-0.56749	
486.721	1.71209	-0.969803	-0.567784	
486.761	1.76557	-0.946006	-0.568231	
486.801	1.81196	-0.921547	-0.568745	
486.843	1.8507	-0.896176	-0.569075	
486.885	1.87617	-0.870793	-0.568973	
486.927	1.88813	-0.845365	-0.568897	
486.969	1.88626	-0.819349	-0.569213	
487.011	1.8701	-0.793075	-0.569241	
487.052	1.84289	-0.767602	-0.568491	
487.093	1.81414	-0.742977	-0.567751	
487.133	1.78392	-0.71863	-0.567473	
487.172	1.7521	-0.694585	-0.567225	
487.211	1.71865	-0.670907	-0.56644	
487.249	1.68579	-0.647246	-0.56544	
487.286	1.6587	-0.623746	-0.564786	
487.322	1.6373	-0.600495	-0.564247	
487.359	1.62124	-0.577218	-0.563758	
487.395	1.61013	-0.554231	-0.563638	
487.431	1.60369	-0.532178	-0.563932	
487.467	1.59941	-0.510608	-0.564083	
487.502	1.59699	-0.488954	-0.563662	
487.538	1.59639	-0.467111	-0.562724	
487.574	1.59764	-0.44497	-0.56157	
487.61	1.60073	-0.422688	-0.560527	
487.646	1.60441	-0.400727	-0.559864	
487.682	1.6055	-0.379004	-0.559305	
487.718	1.60414	-0.357084	-0.558486	
487.754	1.60017	-0.33491	-0.55751	
487.789	1.59334	-0.313028	-0.556696	
487.825	1.58349	-0.291719	-0.556156	
487.86	1.57873	-0.270254	-0.555961	
487.896	1.58264	-0.248147	-0.556221	
487.931	1.5955	-0.225598	-0.556668	
487.968	1.61759	-0.202891	-0.556813	
488.005	1.64922	-0.180156	-0.556593	
488.042	1.68909	-0.15714	-0.556204	
488.081	1.72727	-0.133256	-0.555757	
488.121	1.76384	-0.108348	-0.555598	
488.161	1.79877	-0.0826107	-0.555919	
488.202	1.8318	-0.0564459	-0.556752	
488.244	1.862	-0.0302475	-0.558387	
488.286	1.87817	-0.00379181	-0.560354	
488.328	1.88043	0.0231371	-0.562154	
488.37	1.86894	0.0499974	-0.563955	
488.411	1.84403	0.0759901	-0.565483	
488.452	1.81018	0.101052	-0.566436	
488.492	1.77899	0.125693	-0.567359	
488.531	1.75038	0.150127	-0.567917	
488.569	1.72423	0.174389	-0.567758	
488.608	1.70023	0.198414	-0.567466	
488.645	1.68017	0.222186	-0.567328	
488.683	1.67219	0.245943	-0.566885	
488.72	1.67651	0.269747	-0.566308	
488.758	1.69329	0.293311	-0.565852	
488.797	1.72284	0.316607	-0.565243	
488.836	1.7655	0.339992	-0.564397	
488.877	1.79524	0.363443	-0.564049	
488.917	1.80919	0.38695	-0.564224	
488.958	1.80675	0.410697	-0.564142	
488.998	1.78735	0.43462	-0.56367	
489.037	1.75073	0.458642	-0.563731	
489.075	1.7113	0.482413	-0.564491	
489.113	1.67029	0.50547	-0.564923	
489.149	1.62777	0.527794	-0.564612	
489.185	1.58368	0.549649	-0.564017	
489.219	1.53792	0.571232	-0.563481	
489.253	1.49888	0.592445	-0.562928	
489.286	1.47344	0.613089	-0.562279	
489.318	1.46175	0.633335	-0.561498	
489.351	1.464	0.653378	-0.56076	
489.384	1.48036	0.673284	-0.560282	
489.418	1.51089	0.693502	-0.559835	
489.453	1.55055	0.714709	-0.558881	
489.489	1.59497	0.736696	-0.557518	
489.526	1.64416	0.758908	-0.556334	
489.564	1.69805	0.781696	-0.555645	
489.603	1.75657	0.806074	-0.555077	
489.644	1.81705	0.832259	-0.55455	
489.685	1.84681	0.85912	-0.554667	
489.726	1.84534	0.885907	-0.554828	
489.767	1.8125	0.912271	-0.554585	
489.806	1.7486	0.937789	-0.554726	
489.843	1.66062	0.962078	-0.555443	
489.879	1.58023	0.985342	-0.555894	
489.913	1.5073	1.00779	-0.556255	
489.945	1.44154	1.02929	-0.556969	
489.976	1.38258	1.04983	-0.558088	
490.006	1.33001	1.06966	-0.559646	
490.034	1.28435	1.08894	-0.561472	
490.062	1.24815	1.10757	-0.56279	
490.09	1.22109	1.12548	-0.563438	
490.117	1.20284	1.14274	-0.563764	
490.144	1.19323	1.1596	-0.56383	
490.17	1.19221	1.17628	-0.563804	
490.197	1.19991	1.19279	-0.56422	
490.224	1.21664	1.20914	-0.56504	
490.252	1.22706	1.22556	-0.565515	
490.279	1.22892	1.24208	-0.565701	
490.307	1.22206	1.25844	-0.565943	
490.334	1.20656	1.27438	-0.566105	
490.36	1.18269	1.28971	-0.566017	
490.386	1.1507	1.30448	-0.565926	
490.411	1.1107	1.31906	-0.56593	
490.435	1.06633	1.33359	-0.565554	
490.458	1.02233	1.34746	-0.564735	
490.48	0.978883	1.36044	-0.564162	
490.501	0.935912	1.373	-0.564228	
490.521	0.893409	1.38542	-0.564697	
490.54	0.851376	1.39725	-0.565313	
490.558	0.80964	1.40816	-0.56608	
490.575	0.76799	1.41844	-0.566905	
490.591	0.726286	1.42839	-0.567463	
490.607	0.684527	1.43783	-0.567707	
490.621	0.644153	1.44648	-0.568126	
490.635	0.606878	1.45445	-0.568831	
490.648	0.572753	1.46214	-0.569349	
490.66	0.541857	1.46977	-0.569532	
490.671	0.514104	1.47739	-0.569787	
490.682	0.489318	1.48505	-0.57028	
490.693	0.467337	1.49269	-0.570559	
490.703	0.448028	1.50008	-0.570165	
490.712	0.431216	1.50709	-0.569264	
490.722	0.416604	1.51392	-0.568346	
490.731	0.403975	1.52077	-0.567615	
490.74	0.393318	1.52741	-0.566932	
490.748	0.384595	1.53356	-0.566172	
490.757	0.377579	1.53947	-0.565414	
490.765	0.37218	1.54558	-0.56475	
490.773	0.368602	1.55188	-0.564125	
490.782	0.367026	1.55813	-0.563436	
490.79	0.367304	1.56418	-0.562701	
490.798	0.369504	1.57003	-0.56198	
490.807	0.374067	1.57579	-0.561226	
490.815	0.379869	1.58184	-0.560354	
490.824	0.386269	1.58836	-0.559364	
490.833	0.39329	1.59512	-0.558278	
490.842	0.401242	1.60191	-0.557146	
490.851	0.410279	1.60876	-0.556109	
490.86	0.420303	1.61561	-0.555387	
490.87	0.431201	1.62216	-0.555032	
490.88	0.442986	1.62821	-0.554875	
490.89	0.455716	1.63397	-0.554802	
490.9	0.469356	1.63993	-0.554932	
490.911	0.483788	1.64644	-0.555421	
490.922	0.498919	1.65338	-0.556226	
490.934	0.514662	1.66052	-0.557163	
490.946	0.530997	1.6678	-0.558062	
490.958	0.547989	1.67531	-0.5589	
490.971	0.565722	1.683	-0.559915	
490.984	0.584118	1.69078	-0.561339	
490.997	0.603077	1.69868	-0.562917	
491.011	0.622568	1.70684	-0.564222	
491.026	0.640006	1.71523	-0.565416	
491.04	0.654772	1.72356	-0.566839	
491.055	0.66688	1.73169	-0.568217	
491.071	0.676399	1.73989	-0.569165	
491.086	0.683247	1.74841	-0.569874	
491.101	0.687233	1.75718	-0.570773	
491.117	0.688082	1.76604	-0.571842	
491.132	0.685487	1.7749	-0.572827	
491.147	0.679109	1.78376	-0.573822	
491.162	0.66871	1.7926	-0.574896	
491.177	0.654267	1.80133	-0.575577	
491.191	0.6359	1.8097	-0.575478	
491.205	0.613878	1.81774	-0.575058	
491.218	0.587373	1.82584	-0.574885	
491.23	0.554548	1.83383	-0.574691	
491.242	0.51568	1.84098	-0.574179	
491.253	0.471249	1.84711	-0.573673	
491.262	0.421845	1.85272	-0.57344	
491.27	0.368076	1.85806	-0.573141	
491.277	0.310706	1.86279	-0.572332	
491.283	0.250518	1.86654	-0.57108	
491.287	0.188222	1.86931	-0.569825	
491.29	0.124465	1.87124	-0.568808	
491.291	0.0597976	1.87224	-0.567881	
491.291	-0.00527002	1.872	-0.566875	
491.29	-0.0702736	1.87049	-0.565824	
491.286	-0.134715	1.86803	-0.564729	
491.282	-0.19808	1.86497	-0.56336	
491.276	-0.259706	1.86135	-0.561586	
491.269	-0.318896	1.85712	-0.559692	
491.261	-0.374868	1.85234	-0.558098	
491.251	-0.426752	1.8473	-0.55695	
491.241	-0.473857	1.84202	-0.556169	
491.229	-0.515868	1.83613	-0.555623	
491.217	-0.552538	1.82943	-0.555079	
491.204	-0.583389	1.82247	-0.554352	
491.19	-0.607882	1.81587	-0.553758	
491.176	-0.628281	1.80922	-0.553796	
491.161	-0.645407	1.8016	-0.554092	
491.147	-0.658989	1.79291	-0.554037	
491.132	-0.668601	1.7838	-0.553815	
491.117	-0.673908	1.77482	-0.553995	
491.101	-0.674744	1.76614	-0.554753	
491.086	-0.671126	1.75774	-0.555859	
491.072	-0.663217	1.74946	-0.556988	
491.057	-0.651177	1.74114	-0.557969	
491.043	-0.634966	1.73298	-0.559	
491.029	-0.614534	1.72536	-0.560306	
491.016	-0.590237	1.71813	-0.561614	
491.003	-0.562529	1.71081	-0.56261	
490.991	-0.531537	1.70345	-0.563707	
490.98	-0.500336	1.6965	-0.565458	
490.969	-0.470085	1.68987	-0.567536	
490.96	-0.440913	1.68323	-0.56937	
490.95	-0.412744	1.67663	-0.570805	
490.942	-0.385537	1.67039	-0.571945	
490.934	-0.359359	1.66471	-0.572861	
490.926	-0.334266	1.65952	-0.573562	
490.919	-0.310311	1.65465	-0.573985	
490.913	-0.287499	1.64997	-0.574034	
490.907	-0.265685	1.64544	-0.573696	
490.901	-0.244722	1.64094	-0.573026	
490.896	-0.224557	1.63621	-0.572123	
490.892	-0.205153	1.63096	-0.571182	
490.888	-0.186403	1.6253	-0.570376	
490.884	-0.168193	1.61999	-0.569624	
490.88	-0.150423	1.61576	-0.568686	
490.877	-0.13304	1.61244	-0.567519	
490.875	-0.116033	1.60917	-0.566285	
490.873	-0.0993735	1.60552	-0.565088	
490.871	-0.0829339	1.60203	-0.563971	
490.869	-0.0665986	1.59925	-0.563003	
490.868	-0.0502884	1.59703	-0.562136	
490.867	-0.033997	1.59482	-0.561179	
490.867	-0.0176823	1.59247	-0.56013	
490.867	-0.00122446	1.59034	-0.559255	
490.867	0.0155336	1.58886	-0.558638	
490.868	0.0327236	1.58817	-0.557991	
490.869	0.0504909	1.58812	-0.557084	
490.871	0.06899	1.58834	-0.556047	
490.873	0.0882962	1.58867	-0.555014	
490.875	0.108364	1.58949	-0.553908	
490.878	0.129144	1.59133	-0.552766	
490.881	0.150779	1.59429	-0.551833	
490.885	0.173404	1.59799	-0.551199	
490.89	0.197049	1.60213	-0.550652	
490.895	0.221708	1.60689	-0.549982	
490.9	0.247508	1.61251	-0.549226	
490.906	0.274655	1.61889	-0.548603	
490.913	0.303208	1.62574	-0.548304	
490.921	0.333045	1.63297	-0.548322	
490.929	0.364129	1.64059	-0.548438	
490.938	0.396669	1.64854	-0.54847	
490.947	0.430865	1.65694	-0.548535	
490.958	0.466756	1.66611	-0.548917	
490.969	0.504375	1.67593	-0.549682	
490.981	0.543642	1.6859	-0.550581	
490.994	0.584422	1.69586	-0.551449	
491.008	0.626588	1.70607	-0.552517	
491.023	0.666624	1.71653	-0.554112	
491.039	0.701755	1.72701	-0.556046	
491.055	0.731551	1.73778	-0.557812	
491.072	0.755648	1.74923	-0.559108	
491.09	0.773967	1.76113	-0.560061	
491.107	0.786614	1.7729	-0.561028	
491.125	0.793512	1.78431	-0.562222	
491.143	0.794558	1.7955	-0.56359	
491.161	0.789688	1.80642	-0.564941	
491.178	0.778746	1.81693	-0.566061	
491.195	0.761542	1.82697	-0.566807	
491.212	0.737969	1.83634	-0.567225	
491.227	0.705355	1.84455	-0.567728	
491.242	0.662825	1.85139	-0.56871	
491.256	0.610847	1.85686	-0.569973	
491.268	0.550159	1.86107	-0.570873	
491.279	0.48155	1.8644	-0.571086	
491.288	0.405874	1.86712	-0.571009	
491.296	0.324232	1.86898	-0.571088	
491.301	0.23775	1.86961	-0.571215	
491.304	0.147571	1.86919	-0.571189	
491.305	0.0548983	1.86826	-0.571222	
491.304	-0.0389829	1.86693	-0.571558	
491.302	-0.132724	1.86468	-0.571895	
491.296	-0.224891	1.861	-0.571744	
491.289	-0.314072	1.85581	-0.571096	
491.28	-0.39908	1.84935	-0.570301	
491.27	-0.478817	1.84194	-0.569546	
491.257	-0.552175	1.83397	-0.56889	
491.244	-0.618038	1.82565	-0.568405	
491.228	-0.675295	1.81693	-0.567897	
491.212	-0.722772	1.8077	-0.566965	
491.195	-0.759639	1.79781	-0.565723	
491.178	-0.786872	1.78698	-0.564676	
491.159	-0.807448	1.77572	-0.563711	
491.141	-0.820778	1.76502	-0.562554	
491.122	-0.826477	1.75512	-0.561346	
491.104	-0.824616	1.7454	-0.560127	
491.086	-0.81534	1.73556	-0.558749	
491.068	-0.798883	1.72589	-0.557269	
491.05	-0.775667	1.71656	-0.555824	
491.034	-0.746162	1.7075	-0.554534	
491.018	-0.710694	1.69884	-0.553706	
491.003	-0.669679	1.69096	-0.553569	
490.989	-0.623524	1.68392	-0.553917	
490.976	-0.578139	1.67729	-0.554394	
490.964	-0.534414	1.67087	-0.554784	
490.953	-0.492063	1.66491	-0.554846	
490.943	-0.450997	1.65959	-0.554541	
490.934	-0.410953	1.65486	-0.554251	
490.925	-0.371642	1.65073	-0.554335	
490.918	-0.332884	1.64716	-0.554714	
490.911	-0.294707	1.64391	-0.55511	
490.905	-0.257129	1.64064	-0.555482	
490.9	-0.220065	1.6374	-0.556044	
490.896	-0.183302	1.63456	-0.556996	
490.893	-0.146715	1.63234	-0.55827	
490.891	-0.110321	1.6306	-0.559646	
490.889	-0.0742321	1.62924	-0.561041	
490.888	-0.0384251	1.62831	-0.562608	
490.888	-0.00264627	1.62778	-0.564503	
490.889	0.0334239	1.62752	-0.566615	
490.89	0.0699644	1.62752	-0.568626	
490.893	0.107013	1.62801	-0.570254	
490.896	0.144708	1.62912	-0.571411	
490.9	0.183263	1.6308	-0.572213	
490.905	0.222805	1.63304	-0.572901	
490.911	0.263393	1.63593	-0.573644	
490.918	0.305141	1.63939	-0.574372	
490.926	0.348245	1.6432	-0.574818	
490.934	0.392967	1.64725	-0.57474	
490.944	0.439564	1.65162	-0.574095	
490.955	0.488213	1.65661	-0.573075	
490.967	0.539075	1.66257	-0.572101	
490.981	0.592466	1.66955	-0.571569	
490.995	0.648726	1.67712	-0.5714	
491.011	0.708145	1.68501	-0.571128	
491.028	0.763953	1.6936	-0.570598	
491.046	0.812324	1.70336	-0.570047	
491.065	0.852507	1.71429	-0.569484	
491.085	0.88379	1.72616	-0.568746	
491.105	0.905574	1.73879	-0.567803	
491.126	0.917615	1.75184	-0.566912	
491.147	0.9198	1.76473	-0.566393	
491.167	0.91215	1.77725	-0.566033	
491.187	0.894683	1.78981	-0.565085	
491.207	0.867601	1.80262	-0.563411	
491.225	0.83001	1.81513	-0.561902	
491.243	0.779537	1.8267	-0.560959	
491.259	0.71663	1.83714	-0.560153	
491.273	0.6418	1.84651	-0.55932	
491.285	0.556116	1.85474	-0.55849	
491.296	0.460947	1.86158	-0.557524	
491.304	0.357631	1.86705	-0.556416	
491.309	0.247511	1.87133	-0.55562	
491.312	0.132289	1.87427	-0.55562	
491.313	0.0140678	1.87557	-0.556277	
491.31	-0.105254	1.87519	-0.556964	
491.305	-0.2239	1.87328	-0.557322	
491.298	-0.339984	1.86989	-0.557478	
491.288	-0.451182	1.86512	-0.557679	
491.275	-0.555302	1.85907	-0.558113	
491.26	-0.650539	1.85163	-0.558896	
491.244	-0.735439	1.84275	-0.55981	
491.226	-0.808676	1.83274	-0.560455	
491.206	-0.868874	1.82191	-0.560872	
491.186	-0.914977	1.81039	-0.561491	
491.165	-0.948741	1.79819	-0.562459	
491.143	-0.970734	1.78517	-0.563488	
491.121	-0.98035	1.77157	-0.564284	
491.099	-0.977214	1.75807	-0.564729	
491.077	-0.96128	1.7451	-0.564893	
491.057	-0.93271	1.7327	-0.564886	
491.037	-0.89195	1.72071	-0.56472	
491.018	-0.839629	1.70902	-0.564603	
491	-0.776433	1.69795	-0.5651	
490.985	-0.703101	1.68826	-0.566513	
490.97	-0.632932	1.67989	-0.568079	
490.958	-0.565742	1.6718	-0.568911	
490.947	-0.500976	1.66362	-0.56896	
490.937	-0.438266	1.65613	-0.568803	
490.928	-0.3775	1.65006	-0.568857	
490.921	-0.318497	1.64522	-0.569179	
490.915	-0.260776	1.64102	-0.569762	
490.911	-0.203844	1.63732	-0.570575	
490.907	-0.147488	1.63432	-0.571341	
490.905	-0.0916557	1.6321	-0.571711	
490.905	-0.0361545	1.63034	-0.571746	
490.905	0.0193513	1.62881	-0.571904	
490.907	0.0752786	1.62769	-0.57247	
490.91	0.131945	1.62752	-0.5733	
490.914	0.18957	1.62874	-0.574141	
490.919	0.248524	1.63126	-0.57488	
490.926	0.309305	1.63463	-0.575456	
490.935	0.372422	1.63866	-0.575801	
490.944	0.438319	1.64348	-0.57598	
490.956	0.507546	1.64921	-0.576154	
490.969	0.58057	1.6557	-0.576257	
490.984	0.657866	1.663	-0.575875	
491	0.739919	1.67159	-0.574753	
491.019	0.827199	1.68188	-0.573468	
491.039	0.903178	1.69367	-0.572765	
491.061	0.966329	1.7066	-0.572065	
491.083	1.01537	1.72042	-0.570619	
491.107	1.04942	1.73498	-0.568721	
491.131	1.06799	1.75019	-0.567087	
491.155	1.07107	1.76569	-0.565831	
491.179	1.05896	1.78099	-0.564461	
491.202	1.03187	1.79603	-0.562451	
491.224	0.989565	1.81085	-0.56005	
491.245	0.928217	1.82522	-0.558418	
491.264	0.848767	1.83883	-0.557674	
491.281	0.752462	1.85142	-0.557206	
491.295	0.640592	1.86274	-0.556732	
491.306	0.515106	1.87242	-0.556274	
491.315	0.378439	1.87993	-0.555859	
491.32	0.233389	1.88507	-0.5556	
491.322	0.0825648	1.88824	-0.555685	
491.32	-0.0712918	1.88966	-0.556268	
491.315	-0.225059	1.88899	-0.557353	
491.307	-0.375522	1.88579	-0.558683	
491.295	-0.51971	1.87995	-0.560056	
491.281	-0.65491	1.87165	-0.56161	
491.263	-0.778411	1.86119	-0.563437	
491.243	-0.887653	1.84898	-0.56517	
491.221	-0.980279	1.83569	-0.566406	
491.198	-1.05414	1.822	-0.567374	
491.173	-1.10801	1.80782	-0.56876	
491.147	-1.14326	1.79231	-0.570659	
491.121	-1.1588	1.77566	-0.572476	
491.095	-1.15402	1.75889	-0.573956	
491.07	-1.12901	1.74269	-0.575094	
491.046	-1.0842	1.72739	-0.575719	
491.023	-1.02019	1.71356	-0.575907	
491.002	-0.937974	1.70136	-0.576029	
490.983	-0.839035	1.69013	-0.576148	
490.966	-0.743515	1.67936	-0.576247	
490.952	-0.652678	1.6695	-0.576502	
490.939	-0.565698	1.66088	-0.576718	
490.928	-0.481857	1.65335	-0.576492	
490.919	-0.400508	1.64679	-0.575855	
490.912	-0.321061	1.6415	-0.575203	
490.907	-0.243091	1.63771	-0.574689	
490.903	-0.166231	1.6351	-0.574156	
490.901	-0.0900404	1.63322	-0.573546	
490.901	-0.0139893	1.63205	-0.572997	
490.902	0.0624033	1.63191	-0.572528	
490.905	0.139606	1.63286	-0.571927	
490.91	0.21813	1.63477	-0.571064	
490.917	0.298626	1.63756	-0.570034	
490.925	0.381753	1.64143	-0.568876	
490.936	0.468115	1.64656	-0.567444	
490.948	0.558309	1.65276	-0.565782	
490.963	0.653164	1.65961	-0.564289	
490.98	0.753608	1.66697	-0.563231	
490.999	0.860543	1.67544	-0.56246	
491.021	0.974757	1.68588	-0.561879	
491.045	1.07109	1.69831	-0.561545	
491.071	1.14643	1.71224	-0.561162	
491.098	1.19912	1.72749	-0.560433	
491.125	1.22815	1.74374	-0.559688	
491.153	1.2332	1.76047	-0.559453	
491.18	1.21434	1.77751	-0.559747	
491.206	1.17186	1.79492	-0.560279	
491.231	1.10572	1.81202	-0.56103	
491.254	1.01518	1.82783	-0.561925	
491.274	0.902187	1.84216	-0.56264	
491.291	0.769173	1.85511	-0.563032	
491.305	0.618891	1.86654	-0.56328	
491.315	0.454472	1.87603	-0.563603	
491.322	0.279433	1.88303	-0.564028	
491.324	0.097618	1.88723	-0.564508	
491.322	-0.0868927	1.88863	-0.565109	
491.316	-0.269867	1.88738	-0.565944	
491.306	-0.447218	1.88361	-0.566951	
491.292	-0.61497	1.87731	-0.567797	
491.275	-0.76921	1.86872	-0.568316	
491.254	-0.906366	1.8583	-0.568984	
491.231	-1.0234	1.84627	-0.570189	
491.206	-1.11771	1.83266	-0.571254	
491.18	-1.18677	1.81792	-0.571534	
491.152	-1.22976	1.80279	-0.572023	
491.124	-1.24581	1.78732	-0.573131	
491.097	-1.23423	1.77144	-0.574145	
491.07	-1.19481	1.75536	-0.575021	
491.045	-1.12799	1.73946	-0.576047	
491.021	-1.0349	1.72433	-0.576864	
491.001	-0.917225	1.71069	-0.577218	
490.983	-0.777489	1.69894	-0.577374	
490.969	-0.643498	1.68872	-0.577512	
490.957	-0.515819	1.67983	-0.577927	
490.949	-0.393421	1.67278	-0.578739	
490.942	-0.275027	1.66799	-0.579399	
490.939	-0.159526	1.66514	-0.579218	
490.938	-0.0459107	1.66349	-0.578185	
490.939	0.0668593	1.66282	-0.576885	
490.943	0.180156	1.66336	-0.575851	
490.95	0.295523	1.66519	-0.575086	
490.959	0.414266	1.66828	-0.574218	
490.971	0.537277	1.67299	-0.573015	
490.986	0.6657	1.67976	-0.571572	
491.004	0.801296	1.6883	-0.570027	
491.025	0.93976	1.69811	-0.568532	
491.049	1.05666	1.70932	-0.567405	
491.075	1.14859	1.72221	-0.566782	
491.102	1.21281	1.73657	-0.566565	
491.13	1.24728	1.75165	-0.566384	
491.158	1.25076	1.76694	-0.565888	
491.185	1.22258	1.78269	-0.565359	
491.211	1.16297	1.79911	-0.565341	
491.235	1.07354	1.8151	-0.565531	
491.257	0.957203	1.82915	-0.565482	
491.275	0.817063	1.84101	-0.565434	
491.29	0.656925	1.85095	-0.565558	
491.301	0.4811	1.859	-0.565634	
491.307	0.293884	1.86488	-0.565507	
491.309	0.0995907	1.86809	-0.565383	
491.307	-0.0973391	1.86831	-0.565509	
491.301	-0.292386	1.86571	-0.565791	
491.29	-0.480784	1.86086	-0.565982	
491.275	-0.657726	1.8541	-0.566079	
491.257	-0.818602	1.84529	-0.566239	
491.235	-0.95906	1.83432	-0.566273	
491.211	-1.07535	1.82155	-0.565701	
491.185	-1.16454	1.80756	-0.564736	
491.158	-1.22334	1.79267	-0.564511	
491.13	-1.24901	1.77699	-0.56523	
491.102	-1.24037	1.76073	-0.566194	
491.075	-1.19742	1.74418	-0.56695	
491.05	-1.12112	1.72802	-0.567534	
491.027	-1.01349	1.7131	-0.567968	
491.008	-0.877419	1.70002	-0.567958	
490.992	-0.716396	1.68913	-0.567562	
490.979	-0.549995	1.68085	-0.567612	
490.971	-0.390161	1.67537	-0.568524	
490.965	-0.235192	1.67253	-0.56975	
490.963	-0.0831293	1.67208	-0.570649	
490.965	0.0682146	1.67391	-0.571219	
490.97	0.220926	1.67802	-0.571896	
490.978	0.377045	1.68445	-0.572978	
490.99	0.538598	1.69301	-0.574384	
491.006	0.707983	1.70314	-0.575869	
491.026	0.875981	1.71458	-0.577117	
491.049	1.01956	1.728	-0.577539	
491.074	1.13382	1.74356	-0.577067	
491.101	1.2149	1.76021	-0.576458	
491.13	1.25974	1.77696	-0.575948	
491.158	1.26644	1.79348	-0.575188	
491.186	1.23429	1.80945	-0.574507	
491.212	1.16401	1.82457	-0.574053	
491.235	1.05973	1.83871	-0.572938	
491.256	0.926807	1.85164	-0.571442	
491.273	0.768519	1.86315	-0.570596	
491.287	0.589306	1.87268	-0.5703	
491.295	0.394084	1.87929	-0.569923	
491.3	0.188187	1.88228	-0.569582	
491.299	-0.023058	1.88172	-0.569647	
491.294	-0.233903	1.87808	-0.569943	
491.284	-0.438579	1.8716	-0.570139	
491.27	-0.631513	1.86235	-0.570366	
491.252	-0.807419	1.85059	-0.570976	
491.23	-0.961632	1.83663	-0.571851	
491.206	-1.08978	1.82074	-0.572322	
491.179	-1.18788	1.8034	-0.571999	
491.151	-1.24862	1.78491	-0.571339	
491.123	-1.26875	1.76578	-0.570604	
491.095	-1.24754	1.74697	-0.569825	
491.068	-1.18548	1.72885	-0.569274	
491.044	-1.08422	1.71174	-0.569072	
491.023	-0.946428	1.69673	-0.569096	
491.005	-0.776425	1.68426	-0.569289	
490.992	-0.580007	1.67385	-0.569413	
490.984	-0.380299	1.66587	-0.569049	
490.98	-0.185526	1.66131	-0.568359	
490.98	0.00728895	1.66035	-0.567866	
490.984	0.200685	1.66273	-0.567787	
490.993	0.397687	1.66823	-0.567834	
491.007	0.601706	1.67671	-0.567588	
491.025	0.800597	1.6883	-0.56698	
491.047	0.971759	1.70344	-0.566394	
491.071	1.10899	1.72157	-0.566058	
491.098	1.20707	1.74093	-0.565605	
491.127	1.26163	1.7603	-0.564765	
491.155	1.26977	1.77967	-0.564103	
491.183	1.23064	1.79897	-0.564323	
491.208	1.14604	1.81744	-0.56543	
491.231	1.02271	1.83399	-0.567157	
491.251	0.870534	1.84825	-0.568987	
491.266	0.693394	1.86052	-0.570323	
491.277	0.496195	1.87033	-0.571219	
491.284	0.284682	1.87672	-0.572153	
491.285	0.0649317	1.87958	-0.573146	
491.282	-0.15692	1.87948	-0.573763	
491.273	-0.374576	1.87667	-0.573888	
491.26	-0.581914	1.87081	-0.574024	
491.243	-0.773105	1.86176	-0.574623	
491.222	-0.942499	1.84998	-0.575444	
491.198	-1.08487	1.8359	-0.575933	
491.171	-1.19437	1.81944	-0.576036	
491.143	-1.25675	1.80088	-0.576302	
491.114	-1.26939	1.78148	-0.576696	
491.087	-1.23173	1.76254	-0.576701	
491.061	-1.14506	1.74496	-0.576203	
491.038	-1.01252	1.72911	-0.575416	
491.02	-0.838832	1.71509	-0.57442	
491.005	-0.630572	1.70339	-0.573401	
490.996	-0.395988	1.69467	-0.572691	
490.993	-0.154064	1.6892	-0.572216	
490.995	0.085445	1.68723	-0.571593	
491.002	0.327262	1.68907	-0.570713	
491.015	0.570159	1.69448	-0.569685	
491.033	0.79036	1.70275	-0.568465	
491.055	0.978363	1.71366	-0.567226	
491.08	1.12556	1.72714	-0.566456	
491.107	1.22507	1.74272	-0.566134	
491.136	1.27165	1.75997	-0.565897	
491.164	1.26263	1.77815	-0.565836	
491.191	1.19811	1.7957	-0.565763	
491.215	1.08047	1.81136	-0.564936	
491.236	0.92382	1.82515	-0.563822	
491.252	0.738667	1.83688	-0.563582	
491.264	0.530789	1.84591	-0.564032	
491.271	0.306446	1.8516	-0.564342	
491.273	0.0723042	1.85349	-0.564376	
491.269	-0.164923	1.85156	-0.564571	
491.26	-0.398078	1.84627	-0.565168	
491.246	-0.619891	1.83819	-0.56613	
491.228	-0.82318	1.82788	-0.567401	
491.205	-1.00136	1.81552	-0.568691	
491.18	-1.14904	1.80089	-0.569298	
491.152	-1.24824	1.78414	-0.569232	
491.123	-1.28958	1.76654	-0.569462	
491.094	-1.27022	1.74954	-0.570143	
491.068	-1.1906	1.73396	-0.57064	
491.044	-1.05388	1.72016	-0.570717	
491.025	-0.865941	1.70882	-0.570715	
491.01	-0.634905	1.70072	-0.570891	
491.002	-0.371465	1.69602	-0.571069	
491	-0.0881162	1.69477	-0.571004	
491.005	0.201277	1.69755	-0.571039	
491.015	0.482794	1.70464	-0.571519	
491.032	0.74216	1.71536	-0.57204	
491.054	0.965671	1.72903	-0.572309	
491.079	1.14133	1.74561	-0.572674	
491.108	1.2597	1.76506	-0.573196	
491.137	1.31409	1.7863	-0.573678	
491.166	1.30133	1.80754	-0.574253	
491.194	1.22154	1.82738	-0.574898	
491.218	1.07843	1.84478	-0.57556	
491.238	0.895118	1.85895	-0.576366	
491.253	0.682985	1.86961	-0.57667	
491.263	0.448587	1.87675	-0.575947	
491.268	0.199332	1.88034	-0.574774	
491.266	-0.0569758	1.87997	-0.574062	
491.259	-0.312226	1.8752	-0.573999	
491.247	-0.558128	1.86603	-0.574178	
491.229	-0.786695	1.85317	-0.57423	
491.207	-0.991007	1.8374	-0.573984	
491.181	-1.16473	1.81935	-0.573461	
491.152	-1.28324	1.80003	-0.572793	
491.122	-1.33276	1.7805	-0.571902	
491.093	-1.30985	1.7615	-0.57109	
491.066	-1.21498	1.74347	-0.570783	
491.042	-1.05285	1.72674	-0.570651	
491.023	-0.83189	1.71238	-0.570065	
491.011	-0.563341	1.70193	-0.568857	
491.005	-0.261815	1.69626	-0.567136	
491.006	0.0559338	1.69544	-0.565245	
491.014	0.372103	1.69925	-0.563761	
491.029	0.668804	1.70703	-0.562936	
491.05	0.929009	1.71794	-0.562471	
491.076	1.13736	1.73165	-0.562311	
491.104	1.28091	1.74797	-0.563084	
491.135	1.35041	1.76604	-0.565076	
491.165	1.34074	1.78479	-0.567556	
491.193	1.25131	1.80304	-0.569821	
491.217	1.08665	1.81926	-0.572007	
491.237	0.876639	1.8331	-0.574637	
491.251	0.636581	1.84455	-0.577692	
491.259	0.374667	1.85239	-0.580574	
491.262	0.0998728	1.85546	-0.582675	
491.258	-0.178869	1.85377	-0.583759	
491.248	-0.452486	1.84805	-0.583951	
491.232	-0.712004	1.83868	-0.583454	
491.21	-0.949039	1.82551	-0.582506	
491.184	-1.15624	1.80861	-0.581535	
491.155	-1.30657	1.78945	-0.58088	
491.124	-1.37573	1.77	-0.579751	
491.094	-1.35852	1.75115	-0.577337	
491.066	-1.25483	1.73349	-0.574326	
491.042	-1.07056	1.71803	-0.571974	
491.023	-0.81677	1.70575	-0.57064	
491.012	-0.509373	1.69762	-0.570308	
491.008	-0.16774	1.6946	-0.571019	
491.013	0.186484	1.69685	-0.572238	
491.024	0.530199	1.70359	-0.572854	
491.043	0.840439	1.7145	-0.571881	
491.068	1.09618	1.72977	-0.569112	
491.096	1.27982	1.74888	-0.565489	
491.127	1.37811	1.77038	-0.562208	
491.158	1.38365	1.79245	-0.55991	
491.187	1.29479	1.81348	-0.559197	
491.212	1.11623	1.83275	-0.560026	
491.232	0.879785	1.8496	-0.560656	
491.246	0.613639	1.86234	-0.560359	
491.253	0.326266	1.86974	-0.560322	
491.254	0.0268495	1.87154	-0.561425	
491.248	-0.274656	1.86805	-0.563414	
491.235	-0.568141	1.86009	-0.565644	
491.216	-0.84394	1.84838	-0.567819	
491.191	-1.0932	1.83318	-0.570049	
491.163	-1.29291	1.81462	-0.572175	
491.131	-1.40069	1.79364	-0.57357	
491.1	-1.40764	1.77205	-0.574262	
491.07	-1.31188	1.7516	-0.574876	
491.045	-1.11987	1.73382	-0.575743	
491.026	-0.844624	1.72002	-0.576594	
491.015	-0.505506	1.71068	-0.577114	
491.012	-0.127208	1.7058	-0.577226	
491.018	0.262174	1.70611	-0.576414	
491.032	0.633111	1.71258	-0.574356	
491.054	0.957285	1.72486	-0.572181	
491.081	1.21032	1.741	-0.570977	
491.111	1.37257	1.75898	-0.570569	
491.143	1.4306	1.77788	-0.570771	
491.174	1.37881	1.79679	-0.57124	
491.202	1.21972	1.814	-0.571238	
491.223	0.967267	1.8277	-0.571165	
491.239	0.67985	1.83724	-0.571859	
491.247	0.367372	1.84287	-0.572743	
491.248	0.0404725	1.84459	-0.573278	
491.241	-0.289765	1.84185	-0.57369	
491.228	-0.612167	1.8341	-0.574568	
491.207	-0.915812	1.82174	-0.576001	
491.18	-1.1908	1.80594	-0.577233	
491.149	-1.38625	1.78759	-0.57777	
491.116	-1.46973	1.76755	-0.578084	
491.084	-1.43248	1.74732	-0.578466	
491.056	-1.27622	1.72802	-0.578836	
491.033	-1.0124	1.71082	-0.578885	
491.018	-0.662019	1.69801	-0.578252	
491.012	-0.253773	1.69196	-0.57675	
491.016	0.178257	1.69294	-0.574569	
491.03	0.597651	1.69944	-0.572511	
491.052	0.968575	1.71052	-0.57109	
491.08	1.2584	1.72631	-0.569568	
491.112	1.44075	1.74625	-0.567097	
491.146	1.49874	1.7681	-0.564278	
491.178	1.42597	1.78927	-0.562242	
491.205	1.2269	1.80855	-0.561217	
491.226	0.929767	1.82539	-0.561008	
491.239	0.598761	1.83795	-0.561298	
491.245	0.245194	1.84468	-0.561263	
491.242	-0.119111	1.84541	-0.560552	
491.231	-0.482365	1.84058	-0.559844	
491.213	-0.83247	1.83042	-0.560361	
491.187	-1.15756	1.81538	-0.562214	
491.155	-1.41179	1.79668	-0.56363	
491.121	-1.53721	1.77553	-0.563963	
491.087	-1.52079	1.75356	-0.564382	
491.056	-1.36193	1.73337	-0.565291	
491.032	-1.07402	1.71728	-0.566556	
491.017	-0.683106	1.70635	-0.568301	
491.012	-0.225347	1.70108	-0.570002	
491.017	0.256535	1.70203	-0.570376	
491.033	0.716105	1.70931	-0.569153	
491.058	1.10847	1.72225	-0.567931	
491.09	1.39546	1.73945	-0.568177	
491.124	1.54789	1.75905	-0.569685	
491.159	1.54917	1.77941	-0.571611	
491.19	1.39724	1.79921	-0.572966	
491.215	1.10521	1.81648	-0.573288	
491.232	0.745623	1.82824	-0.574003	
491.24	0.358958	1.83281	-0.575736	
491.239	-0.0421819	1.83072	-0.577477	
491.229	-0.444807	1.82301	-0.578272	
491.21	-0.83593	1.80969	-0.57838	
491.183	-1.20232	1.7905	-0.57886	
491.15	-1.47904	1.76655	-0.580062	
491.114	-1.60421	1.74074	-0.580785	
491.079	-1.56319	1.71578	-0.580668	
491.049	-1.3585	1.69344	-0.580858	
491.026	-1.01013	1.67525	-0.581389	
491.014	-0.553194	1.66305	-0.581187	
491.013	-0.0353087	1.65856	-0.580184	
491.024	0.488656	1.66263	-0.578838	
491.045	0.962102	1.67462	-0.577195	
491.075	1.33251	1.69297	-0.575409	
491.11	1.55818	1.71498	-0.573224	
491.146	1.61346	1.73677	-0.570694	
491.18	1.49034	1.75632	-0.569452	
491.207	1.19971	1.77365	-0.569968	
491.224	0.795653	1.78689	-0.570158	
491.233	0.363532	1.79323	-0.569227	
491.231	-0.0826699	1.79219	-0.568275	
491.219	-0.528574	1.78472	-0.567888	
491.197	-0.960884	1.77153	-0.567868	
491.167	-1.35578	1.7531	-0.567944	
491.131	-1.59663	1.73024	-0.567634	
491.094	-1.65439	1.70576	-0.56706	
491.06	-1.51883	1.68395	-0.567318	
491.033	-1.20408	1.66672	-0.568366	
491.016	-0.74583	1.65502	-0.568892	
491.012	-0.198043	1.65028	-0.568609	
491.02	0.374811	1.65367	-0.568135	
491.041	0.904607	1.66482	-0.568158	
491.07	1.32771	1.68252	-0.568751	
491.106	1.59129	1.70456	-0.569117	
491.143	1.66016	1.7286	-0.568691	
491.177	1.52411	1.75301	-0.567575	
491.204	1.19783	1.77414	-0.566302	
491.221	0.73664	1.78812	-0.565837	
491.226	0.248761	1.79403	-0.566885	
491.221	-0.25138	1.79201	-0.568864	
491.204	-0.747869	1.78214	-0.570528	
491.176	-1.22437	1.76593	-0.571104	
491.141	-1.56347	1.74499	-0.570764	
491.103	-1.70598	1.71986	-0.569669	
491.067	-1.63059	1.69243	-0.568524	
491.036	-1.34374	1.66516	-0.56804	
491.017	-0.87923	1.64361	-0.567405	
491.01	-0.295273	1.6317	-0.565842	
491.018	0.331707	1.62934	-0.564394	
491.038	0.91772	1.63392	-0.564889	
491.069	1.38348	1.6436	-0.567833	
491.106	1.66417	1.65674	-0.571943	
491.145	1.71938	1.67161	-0.575326	
491.18	1.53922	1.68566	-0.576953	
491.205	1.1445	1.69634	-0.57699	
491.219	0.613214	1.70276	-0.575928	
491.22	0.0595375	1.70263	-0.574699	
491.209	-0.499815	1.6953	-0.574506	
491.185	-1.04974	1.68126	-0.575844	
491.152	-1.50412	1.66116	-0.577714	
491.113	-1.75082	1.63626	-0.579268	
491.073	-1.75254	1.60919	-0.580293	
491.04	-1.50571	1.5849	-0.579912	
491.016	-1.04142	1.56692	-0.57779	
491.007	-0.424004	1.5567	-0.575282	
491.012	0.256039	1.55597	-0.573568	
491.033	0.89986	1.56469	-0.572324	
491.064	1.41099	1.58053	-0.570826	
491.103	1.71374	1.60012	-0.56881	
491.142	1.76209	1.62078	-0.566859	
491.177	1.54506	1.63966	-0.566121	
491.201	1.09056	1.65379	-0.566885	
491.212	0.470177	1.6607	-0.568263	
491.208	-0.169719	1.65806	-0.569459	
491.19	-0.810739	1.6474	-0.570168	
491.159	-1.37646	1.63024	-0.57023	
491.12	-1.73203	1.60804	-0.568732	
491.079	-1.81988	1.58144	-0.565703	
491.043	-1.62287	1.55339	-0.563513	
491.017	-1.16892	1.53073	-0.563425	
491.005	-0.52663	1.51852	-0.564221	
491.009	0.203747	1.51689	-0.565085	
491.03	0.904507	1.52392	-0.566446	
491.063	1.46307	1.53897	-0.568083	
491.103	1.78524	1.55919	-0.568491	
491.143	1.81482	1.57884	-0.567641	
491.178	1.54354	1.5947	-0.567264	
491.201	1.01339	1.60439	-0.567669	
491.208	0.313437	1.60348	-0.567343	
491.199	-0.397473	1.59188	-0.565881	
491.174	-1.0952	1.57303	-0.564657	
491.138	-1.61226	1.54829	-0.56383	
491.096	-1.85998	1.51768	-0.562782	
491.056	-1.79203	1.48587	-0.562953	
491.024	-1.4161	1.45918	-0.564742	
491.007	-0.793983	1.44054	-0.566272	
491.006	-0.0309758	1.43135	-0.566494	
491.022	0.73994	1.43336	-0.565757	
491.053	1.38389	1.44737	-0.56408	
491.093	1.78502	1.46978	-0.561307	
491.135	1.86703	1.49493	-0.558437	
491.171	1.61159	1.5174	-0.556811	
491.195	1.06098	1.53117	-0.557137	
491.202	0.313523	1.53233	-0.558752	
491.191	-0.481277	1.52185	-0.560031	
491.164	-1.21114	1.50233	-0.561088	
491.126	-1.72253	1.47584	-0.563096	
491.083	-1.91894	1.44586	-0.565678	
491.043	-1.76099	1.41818	-0.567618	
491.015	-1.27388	1.39626	-0.569487	
491.002	-0.546478	1.37888	-0.57238	
491.009	0.288248	1.37098	-0.575099	
491.033	1.07251	1.37623	-0.575552	
491.07	1.65227	1.39158	-0.573915	
491.113	1.91429	1.41191	-0.57212	
491.153	1.80376	1.43405	-0.57128	
491.183	1.34231	1.45288	-0.571483	
491.197	0.613643	1.46149	-0.571707	
491.192	-0.240196	1.45939	-0.571562	
491.168	-1.05262	1.44455	-0.571644	
491.131	-1.65906	1.41356	-0.572115	
491.088	-1.93991	1.37202	-0.573498	
491.046	-1.83534	1.3342	-0.575303	
491.016	-1.36087	1.31364	-0.576451	
491.002	-0.610858	1.31174	-0.577299	
491.008	0.267566	1.32182	-0.578209	
491.033	1.09555	1.33903	-0.578816	
491.071	1.70223	1.36749	-0.578929	
491.115	1.95938	1.40677	-0.579276	
491.155	1.80797	1.44284	-0.579617	
491.184	1.27727	1.47147	-0.578866	
491.195	0.473913	1.49139	-0.577466	
491.185	-0.43517	1.50063	-0.575624	
491.157	-1.25409	1.50217	-0.572662	
491.116	-1.80856	1.49479	-0.569188	
491.072	-1.97943	1.47793	-0.567136	
491.033	-1.72684	1.45518	-0.566651	
491.009	-1.09719	1.43322	-0.566232	
491.004	-0.224973	1.41787	-0.565708	
